-14 21 -0.338 0.538
-12 20 -0.288 0.513
-10 19 -0.238 0.488
-9 19 -0.213 0.488
-7 18 -0.163 0.463
-5 17 -0.113 0.438
-2 16 -0.038 0.413
0 15 0.013 0.388
3 14 0.088 0.363
5 13 0.138 0.338
7 12 0.188 0.313
10 11 0.263 0.288
12 10 0.313 0.263
15 9 0.388 0.238
17 -16 0.438 -0.388
17 8 0.438 0.213
19 7 0.488 0.188
20 -9 0.513 -0.213
20 7 0.513 0.188
22 -4 0.563 -0.088
22 6 0.563 0.163
24 1 0.613 0.038
24 5 0.613 0.138
25 3 0.638 0.088
-13 21 -0.313 0.538
-11 20 -0.263 0.513
-6 18 -0.138 0.463
-4 17 -0.088 0.438
-1 16 -0.013 0.413
1 15 0.038 0.388
6 13 0.163 0.338
8 12 0.213 0.313
11 11 0.288 0.288
13 10 0.338 0.263
16 9 0.413 0.238
18 8 0.463 0.213
23 6 0.588 0.163
25 5 0.638 0.138
-32 -41 -0.788 -1.013
-29 -34 -0.713 -0.838
-27 -29 -0.663 -0.713
-24 -22 -0.588 -0.538
-22 -19 -0.538 -0.463
-19 -20 -0.463 -0.488
-17 -21 -0.413 -0.513
-14 -22 -0.338 -0.538
-12 -23 -0.288 -0.563
-7 -25 -0.163 -0.613
-5 -26 -0.113 -0.638
-2 -27 -0.038 -0.663
0 -28 0.013 -0.688
-21 -19 -0.513 -0.463
-18 -20 -0.438 -0.488
-16 -21 -0.388 -0.513
-13 -22 -0.313 -0.538
-11 -23 -0.263 -0.563
-9 -24 -0.213 -0.588
-8 -24 -0.188 -0.588
-6 -25 -0.138 -0.613
-4 -26 -0.088 -0.638
-1 -27 -0.013 -0.663
1 -34 0.038 -0.838
1 -28 0.038 -0.688
-12 21 -0.288 0.538
-10 20 -0.238 0.513
-8 19 -0.188 0.488
-7 19 -0.163 0.488
-5 18 -0.113 0.463
-3 17 -0.063 0.438
0 16 0.013 0.413
2 15 0.063 0.388
4 14 0.113 0.363
5 14 0.138 0.363
7 13 0.188 0.338
9 12 0.238 0.313
12 11 0.313 0.288
14 10 0.363 0.263
17 9 0.438 0.238
18 -14 0.463 -0.338
19 8 0.488 0.213
21 7 0.538 0.188
24 6 0.613 0.163
-14 22 -0.338 0.563
-11 21 -0.263 0.538
-9 20 -0.213 0.513
-4 18 -0.088 0.463
-2 17 -0.038 0.438
1 16 0.038 0.413
3 15 0.088 0.388
8 13 0.213 0.338
10 12 0.263 0.313
13 11 0.338 0.288
15 10 0.388 0.263
20 8 0.513 0.213
22 7 0.563 0.188
25 6 0.638 0.163
-20 -19 -0.488 -0.463
-17 -20 -0.413 -0.488
-15 -21 -0.363 -0.513
-10 -23 -0.238 -0.563
-5 -25 -0.113 -0.613
-3 -26 -0.063 -0.638
0 -27 0.013 -0.663
2 -28 0.063 -0.688
-22 -18 -0.538 -0.438
-21 -18 -0.513 -0.438
-19 -19 -0.463 -0.463
-16 -20 -0.388 -0.488
-14 -21 -0.338 -0.513
-12 -22 -0.288 -0.538
-11 -22 -0.263 -0.538
-9 -23 -0.213 -0.563
-7 -24 -0.163 -0.588
-6 -51 -0.138 -1.263
-4 -25 -0.088 -0.613
-2 -26 -0.038 -0.638
-1 -39 -0.013 -0.963
1 -27 0.038 -0.663
3 -29 0.088 -0.713
3 -28 0.088 -0.688
-13 22 -0.313 0.563
-10 21 -0.238 0.538
-8 20 -0.188 0.513
-6 19 -0.138 0.488
-3 18 -0.063 0.463
-1 17 -0.013 0.438
2 16 0.063 0.413
4 15 0.113 0.388
6 14 0.163 0.363
7 14 0.188 0.363
9 13 0.238 0.338
11 12 0.288 0.313
14 11 0.363 0.288
16 -19 0.413 -0.463
16 10 0.413 0.263
18 9 0.463 0.238
19 9 0.488 0.238
21 8 0.538 0.213
23 -2 0.588 -0.038
23 7 0.588 0.188
26 6 0.663 0.163
-12 22 -0.288 0.563
-7 20 -0.163 0.513
-5 19 -0.113 0.488
-2 18 -0.038 0.463
0 17 0.013 0.438
3 16 0.088 0.413
5 15 0.138 0.388
10 13 0.263 0.338
12 12 0.313 0.313
15 11 0.388 0.288
17 10 0.438 0.263
22 8 0.563 0.213
24 7 0.613 0.188
-20 -18 -0.488 -0.438
-18 -19 -0.438 -0.463
-15 -20 -0.363 -0.488
-13 -21 -0.313 -0.513
-8 -23 -0.188 -0.563
-6 -24 -0.138 -0.588
-3 -25 -0.063 -0.613
-1 -26 -0.013 -0.638
-19 -18 -0.463 -0.438
-17 -19 -0.413 -0.463
-14 -20 -0.338 -0.488
-12 -21 -0.288 -0.513
-10 -22 -0.238 -0.538
-9 -22 -0.213 -0.538
-7 -23 -0.163 -0.563
-5 -24 -0.113 -0.588
-3 -44 -0.063 -1.088
-2 -25 -0.038 -0.613
0 -26 0.013 -0.638
2 -27 0.063 -0.663
3 -27 0.088 -0.663
