-16 17 -0.388 0.438
1 24 0.038 0.613
5 25 0.138 0.638
6 24 0.163 0.613
7 22 0.188 0.563
8 21 0.213 0.538
9 20 0.238 0.513
10 18 0.263 0.463
11 17 0.288 0.438
12 16 0.313 0.413
13 14 0.338 0.363
14 13 0.363 0.338
15 12 0.388 0.313
16 10 0.413 0.263
17 9 0.438 0.238
18 5 0.463 0.138
18 6 0.463 0.163
18 7 0.463 0.188
18 8 0.463 0.213
19 -2 0.488 -0.038
19 -1 0.488 -0.013
19 0 0.488 0.013
19 1 0.488 0.038
19 2 0.488 0.063
20 -9 0.513 -0.213
20 -8 0.513 -0.188
20 -7 0.513 -0.163
20 -6 0.513 -0.138
20 -5 0.513 -0.113
21 -14 0.538 -0.338
21 -13 0.538 -0.313
21 -12 0.538 -0.288
21 -11 0.538 -0.263
34 29 0.863 0.738
44 33 1.113 0.838
45 33 1.138 0.838
46 32 1.163 0.813
47 31 1.188 0.788
48 30 1.213 0.763
49 29 1.238 0.738
50 28 1.263 0.713
51 27 1.288 0.688
52 26 1.313 0.663
53 25 1.338 0.638
54 24 1.363 0.613
55 8 1.388 0.213
55 9 1.388 0.238
55 10 1.388 0.263
55 11 1.388 0.288
55 12 1.388 0.313
55 13 1.388 0.338
55 14 1.388 0.363
55 15 1.388 0.388
55 16 1.388 0.413
55 17 1.388 0.438
55 18 1.388 0.463
55 19 1.388 0.488
55 20 1.388 0.513
55 21 1.388 0.538
55 22 1.388 0.563
55 23 1.388 0.588
-4 22 -0.088 0.563
6 25 0.163 0.638
7 23 0.188 0.588
7 24 0.188 0.613
8 22 0.213 0.563
9 21 0.238 0.538
10 19 0.263 0.488
10 20 0.263 0.513
11 18 0.288 0.463
12 17 0.313 0.438
13 15 0.338 0.388
13 16 0.338 0.413
14 14 0.363 0.363
15 13 0.388 0.338
16 11 0.413 0.288
16 12 0.413 0.313
17 10 0.438 0.263
18 9 0.463 0.238
19 3 0.488 0.088
19 4 0.488 0.113
19 5 0.488 0.138
19 6 0.488 0.163
19 7 0.488 0.188
20 -4 0.513 -0.088
20 -3 0.513 -0.063
20 -2 0.513 -0.038
20 -1 0.513 -0.013
20 0 0.513 0.013
21 -10 0.538 -0.238
21 -9 0.538 -0.213
21 -8 0.538 -0.188
21 -7 0.538 -0.163
22 -14 0.563 -0.338
22 -13 0.563 -0.313
29 27 0.738 0.688
46 33 1.163 0.838
47 32 1.188 0.813
48 31 1.213 0.788
49 30 1.238 0.763
50 29 1.263 0.738
51 28 1.288 0.713
52 27 1.313 0.688
53 26 1.338 0.663
54 25 1.363 0.638
55 24 1.388 0.613
56 9 1.413 0.238
-9 20 -0.213 0.513
6 26 0.163 0.663
7 25 0.188 0.638
8 23 0.213 0.588
8 24 0.213 0.613
9 22 0.238 0.563
10 21 0.263 0.538
11 19 0.288 0.488
11 20 0.288 0.513
12 18 0.313 0.463
13 17 0.338 0.438
14 15 0.363 0.388
14 16 0.363 0.413
15 14 0.388 0.363
16 13 0.413 0.338
17 11 0.438 0.288
17 12 0.438 0.313
18 10 0.463 0.263
19 8 0.488 0.213
19 9 0.488 0.238
20 1 0.513 0.038
20 2 0.513 0.063
20 3 0.513 0.088
20 4 0.513 0.113
20 5 0.513 0.138
21 -6 0.538 -0.138
21 -5 0.538 -0.113
21 -4 0.538 -0.088
21 -3 0.538 -0.063
21 -2 0.538 -0.038
22 -12 0.563 -0.288
22 -11 0.563 -0.263
22 -10 0.563 -0.238
22 -9 0.563 -0.213
24 25 0.613 0.638
41 32 1.038 0.813
47 33 1.188 0.838
48 32 1.213 0.813
49 31 1.238 0.788
50 30 1.263 0.763
51 29 1.288 0.738
52 28 1.313 0.713
53 27 1.338 0.688
54 26 1.363 0.663
55 25 1.388 0.638
56 10 1.413 0.263
56 11 1.413 0.288
56 12 1.413 0.313
56 13 1.413 0.338
56 14 1.413 0.363
56 15 1.413 0.388
56 16 1.413 0.413
56 17 1.413 0.438
56 18 1.413 0.463
56 19 1.413 0.488
56 20 1.413 0.513
56 21 1.413 0.538
56 22 1.413 0.563
56 23 1.413 0.588
56 24 1.413 0.613
-14 18 -0.338 0.463
3 25 0.088 0.638
7 26 0.188 0.663
8 25 0.213 0.638
9 23 0.238 0.588
10 22 0.263 0.563
11 21 0.288 0.538
12 19 0.313 0.488
13 18 0.338 0.463
14 17 0.363 0.438
15 15 0.388 0.388
16 14 0.413 0.363
17 13 0.438 0.338
18 11 0.463 0.288
19 10 0.488 0.263
20 6 0.513 0.163
20 7 0.513 0.188
20 8 0.513 0.213
20 9 0.513 0.238
21 -1 0.538 -0.013
21 0 0.538 0.013
21 1 0.538 0.038
21 2 0.538 0.063
21 3 0.538 0.088
22 -8 0.563 -0.188
22 -7 0.563 -0.163
22 -6 0.563 -0.138
22 -5 0.563 -0.113
22 -4 0.563 -0.088
23 -13 0.588 -0.313
23 -12 0.588 -0.288
23 -11 0.588 -0.263
23 -10 0.588 -0.238
36 30 0.913 0.763
46 34 1.163 0.863
47 34 1.188 0.863
48 33 1.213 0.838
49 32 1.238 0.813
50 31 1.263 0.788
51 30 1.288 0.763
52 29 1.313 0.738
53 28 1.338 0.713
54 27 1.363 0.688
55 26 1.388 0.663
56 25 1.413 0.638
57 9 1.438 0.238
57 10 1.438 0.263
57 11 1.438 0.288
57 12 1.438 0.313
57 13 1.438 0.338
57 14 1.438 0.363
57 15 1.438 0.388
57 16 1.438 0.413
57 17 1.438 0.438
57 18 1.438 0.463
57 19 1.438 0.488
57 20 1.438 0.513
57 21 1.438 0.538
57 22 1.438 0.563
57 23 1.438 0.588
57 24 1.438 0.613
-2 23 -0.038 0.588
8 26 0.213 0.663
9 24 0.238 0.613
9 25 0.238 0.638
10 23 0.263 0.588
11 22 0.288 0.563
12 20 0.313 0.513
12 21 0.313 0.538
13 19 0.338 0.488
14 18 0.363 0.463
15 16 0.388 0.413
15 17 0.388 0.438
16 15 0.413 0.388
17 14 0.438 0.363
18 12 0.463 0.313
18 13 0.463 0.338
19 11 0.488 0.288
20 10 0.513 0.263
21 4 0.538 0.113
21 5 0.538 0.138
21 6 0.538 0.163
21 7 0.538 0.188
21 8 0.538 0.213
22 -3 0.563 -0.063
22 -2 0.563 -0.038
22 -1 0.563 -0.013
22 0 0.563 0.013
22 1 0.563 0.038
23 -9 0.588 -0.213
23 -8 0.588 -0.188
23 -7 0.588 -0.163
23 -6 0.588 -0.138
24 -13 0.613 -0.313
24 -12 0.613 -0.288
31 28 0.788 0.713
48 34 1.213 0.863
49 33 1.238 0.838
50 32 1.263 0.813
51 31 1.288 0.788
52 30 1.313 0.763
53 29 1.338 0.738
54 28 1.363 0.713
55 27 1.388 0.688
56 26 1.413 0.663
57 25 1.438 0.638
58 10 1.463 0.263
-7 21 -0.163 0.538
8 27 0.213 0.688
9 26 0.238 0.663
10 24 0.263 0.613
10 25 0.263 0.638
11 23 0.288 0.588
12 22 0.313 0.563
13 20 0.338 0.513
13 21 0.338 0.538
14 19 0.363 0.488
15 18 0.388 0.463
16 16 0.413 0.413
16 17 0.413 0.438
17 15 0.438 0.388
18 14 0.463 0.363
19 12 0.488 0.313
19 13 0.488 0.338
20 11 0.513 0.288
21 9 0.538 0.238
21 10 0.538 0.263
22 2 0.563 0.063
22 3 0.563 0.088
22 4 0.563 0.113
22 5 0.563 0.138
22 6 0.563 0.163
23 -5 0.588 -0.113
23 -4 0.588 -0.088
23 -3 0.588 -0.063
23 -2 0.588 -0.038
23 -1 0.588 -0.013
24 -11 0.613 -0.263
24 -10 0.613 -0.238
24 -9 0.613 -0.213
24 -8 0.613 -0.188
26 26 0.663 0.663
43 33 1.088 0.838
49 34 1.238 0.863
50 33 1.263 0.838
51 32 1.288 0.813
52 31 1.313 0.788
53 30 1.338 0.763
54 29 1.363 0.738
55 28 1.388 0.713
56 27 1.413 0.688
57 26 1.438 0.663
58 11 1.463 0.288
58 12 1.463 0.313
58 13 1.463 0.338
58 14 1.463 0.363
58 15 1.463 0.388
58 16 1.463 0.413
58 17 1.463 0.438
58 18 1.463 0.463
58 19 1.463 0.488
58 20 1.463 0.513
58 21 1.463 0.538
58 22 1.463 0.563
58 23 1.463 0.588
58 24 1.463 0.613
58 25 1.463 0.638
-12 19 -0.288 0.488
5 26 0.138 0.663
9 27 0.238 0.688
10 26 0.263 0.663
11 24 0.288 0.613
12 23 0.313 0.588
13 22 0.338 0.563
14 20 0.363 0.513
15 19 0.388 0.488
16 18 0.413 0.463
17 16 0.438 0.413
18 15 0.463 0.388
19 14 0.488 0.363
20 12 0.513 0.313
21 11 0.538 0.288
22 7 0.563 0.188
22 8 0.563 0.213
22 9 0.563 0.238
22 10 0.563 0.263
23 0 0.588 0.013
23 1 0.588 0.038
23 2 0.588 0.063
23 3 0.588 0.088
23 4 0.588 0.113
24 -7 0.613 -0.163
24 -6 0.613 -0.138
24 -5 0.613 -0.113
24 -4 0.613 -0.088
24 -3 0.613 -0.063
25 -12 0.638 -0.288
25 -11 0.638 -0.263
25 -10 0.638 -0.238
25 -9 0.638 -0.213
38 31 0.963 0.788
48 35 1.213 0.888
49 35 1.238 0.888
50 34 1.263 0.863
51 33 1.288 0.838
52 32 1.313 0.813
53 31 1.338 0.788
54 30 1.363 0.763
55 29 1.388 0.738
56 28 1.413 0.713
57 27 1.438 0.688
58 26 1.463 0.663
59 10 1.488 0.263
59 11 1.488 0.288
59 12 1.488 0.313
59 13 1.488 0.338
59 14 1.488 0.363
59 15 1.488 0.388
59 16 1.488 0.413
59 17 1.488 0.438
59 18 1.488 0.463
59 19 1.488 0.488
59 20 1.488 0.513
59 21 1.488 0.538
59 22 1.488 0.563
59 23 1.488 0.588
59 24 1.488 0.613
59 25 1.488 0.638
0 24 0.013 0.613
10 27 0.263 0.688
11 25 0.288 0.638
11 26 0.288 0.663
12 24 0.313 0.613
13 23 0.338 0.588
14 21 0.363 0.538
14 22 0.363 0.563
15 20 0.388 0.513
16 19 0.413 0.488
17 17 0.438 0.438
17 18 0.438 0.463
18 16 0.463 0.413
19 15 0.488 0.388
20 13 0.513 0.338
20 14 0.513 0.363
21 12 0.538 0.313
22 11 0.563 0.288
23 5 0.588 0.138
23 6 0.588 0.163
23 7 0.588 0.188
23 8 0.588 0.213
23 9 0.588 0.238
24 -2 0.613 -0.038
24 -1 0.613 -0.013
24 0 0.613 0.013
24 1 0.613 0.038
24 2 0.613 0.063
25 -8 0.638 -0.188
25 -7 0.638 -0.163
25 -6 0.638 -0.138
25 -5 0.638 -0.113
26 -12 0.663 -0.288
26 -11 0.663 -0.263
33 29 0.838 0.738
50 35 1.263 0.888
51 34 1.288 0.863
52 33 1.313 0.838
53 32 1.338 0.813
54 31 1.363 0.788
55 30 1.388 0.763
56 29 1.413 0.738
57 28 1.438 0.713
58 27 1.463 0.688
59 26 1.488 0.663
60 11 1.513 0.288
-5 22 -0.113 0.563
10 28 0.263 0.713
11 27 0.288 0.688
12 25 0.313 0.638
12 26 0.313 0.663
13 24 0.338 0.613
14 23 0.363 0.588
15 21 0.388 0.538
15 22 0.388 0.563
16 20 0.413 0.513
17 19 0.438 0.488
18 17 0.463 0.438
18 18 0.463 0.463
19 16 0.488 0.413
20 15 0.513 0.388
21 13 0.538 0.338
21 14 0.538 0.363
22 12 0.563 0.313
23 10 0.588 0.263
23 11 0.588 0.288
24 3 0.613 0.088
24 4 0.613 0.113
24 5 0.613 0.138
24 6 0.613 0.163
24 7 0.613 0.188
25 -4 0.638 -0.088
25 -3 0.638 -0.063
25 -2 0.638 -0.038
25 -1 0.638 -0.013
25 0 0.638 0.013
26 -10 0.663 -0.238
26 -9 0.663 -0.213
26 -8 0.663 -0.188
26 -7 0.663 -0.163
28 27 0.713 0.688
45 34 1.138 0.863
51 35 1.288 0.888
52 34 1.313 0.863
53 33 1.338 0.838
54 32 1.363 0.813
55 31 1.388 0.788
56 30 1.413 0.763
57 29 1.438 0.738
58 28 1.463 0.713
59 27 1.488 0.688
60 12 1.513 0.313
60 13 1.513 0.338
60 14 1.513 0.363
60 15 1.513 0.388
60 16 1.513 0.413
60 17 1.513 0.438
60 18 1.513 0.463
60 19 1.513 0.488
60 20 1.513 0.513
60 21 1.513 0.538
60 22 1.513 0.563
60 23 1.513 0.588
60 24 1.513 0.613
60 25 1.513 0.638
60 26 1.513 0.663
