-16 13 -0.388 0.338
-15 17 -0.363 0.438
-15 18 -0.363 0.463
-14 21 -0.338 0.538
-12 -22 -0.288 -0.538
-11 -22 -0.263 -0.538
-10 -22 -0.238 -0.538
-9 -22 -0.213 -0.538
-8 -22 -0.188 -0.538
-7 -22 -0.163 -0.538
-6 -22 -0.138 -0.538
-5 -22 -0.113 -0.538
7 22 0.188 0.563
8 22 0.213 0.563
9 22 0.238 0.563
10 22 0.263 0.563
11 22 0.288 0.563
12 22 0.313 0.563
14 -21 0.363 -0.513
14 -20 0.363 -0.488
14 -19 0.363 -0.463
14 -18 0.363 -0.438
14 -17 0.363 -0.413
14 -16 0.363 -0.388
14 -15 0.363 -0.363
14 -14 0.363 -0.338
14 -13 0.363 -0.313
14 -12 0.363 -0.288
14 -11 0.363 -0.263
14 -10 0.363 -0.238
14 -9 0.363 -0.213
14 -8 0.363 -0.188
14 -7 0.363 -0.163
14 -6 0.363 -0.138
14 -5 0.363 -0.113
14 -4 0.363 -0.088
-58 -4 -1.438 -0.088
-58 -5 -1.438 -0.113
-57 -6 -1.413 -0.138
-57 -7 -1.413 -0.163
-56 -8 -1.388 -0.188
-56 -9 -1.388 -0.213
-55 -11 -1.363 -0.263
-54 -13 -1.338 -0.313
-53 -14 -1.313 -0.338
-53 -15 -1.313 -0.363
-52 -15 -1.288 -0.363
-52 -14 -1.288 -0.338
-51 -15 -1.263 -0.363
-51 -14 -1.263 -0.338
-50 -15 -1.238 -0.363
-50 -14 -1.238 -0.338
-49 -15 -1.213 -0.363
-49 -14 -1.213 -0.338
-48 -15 -1.188 -0.363
-48 -14 -1.188 -0.338
-47 -15 -1.163 -0.363
-47 -14 -1.163 -0.338
-46 -15 -1.138 -0.363
-46 -14 -1.138 -0.338
-45 -15 -1.113 -0.363
-45 -14 -1.113 -0.338
-44 -15 -1.088 -0.363
-44 -14 -1.088 -0.338
-43 -15 -1.063 -0.363
-43 -14 -1.063 -0.338
-42 -15 -1.038 -0.363
-42 -14 -1.038 -0.338
-41 -15 -1.013 -0.363
-41 -14 -1.013 -0.338
-40 -15 -0.988 -0.363
-40 -14 -0.988 -0.338
-39 -15 -0.963 -0.363
-39 -14 -0.963 -0.338
-38 -15 -0.938 -0.363
-38 -14 -0.938 -0.338
-37 -15 -0.913 -0.363
-37 -14 -0.913 -0.338
-36 -15 -0.888 -0.363
-36 -14 -0.888 -0.338
-35 -15 -0.863 -0.363
-35 -14 -0.863 -0.338
-34 -15 -0.838 -0.363
-34 -14 -0.838 -0.338
-33 -15 -0.813 -0.363
-33 -14 -0.813 -0.338
-32 -15 -0.788 -0.363
-32 -14 -0.788 -0.338
-31 -15 -0.763 -0.363
-31 -14 -0.763 -0.338
-30 -15 -0.738 -0.363
-30 -14 -0.738 -0.338
-29 -14 -0.713 -0.338
-28 -14 -0.688 -0.338
-27 -14 -0.663 -0.338
-26 -14 -0.638 -0.338
-26 -13 -0.638 -0.313
-26 -12 -0.638 -0.288
-26 -11 -0.638 -0.263
-26 -10 -0.638 -0.238
-26 -9 -0.638 -0.213
-26 -8 -0.638 -0.188
-26 -7 -0.638 -0.163
-26 -6 -0.638 -0.138
-26 -5 -0.638 -0.113
-18 -5 -0.438 -0.113
-17 9 -0.413 0.238
-17 10 -0.413 0.263
-17 11 -0.413 0.288
-16 14 -0.388 0.363
-16 15 -0.388 0.388
-16 16 -0.388 0.413
-16 17 -0.388 0.438
-15 19 -0.363 0.488
-15 20 -0.363 0.513
-4 -22 -0.088 -0.538
1 22 0.038 0.563
2 22 0.063 0.563
3 22 0.088 0.563
4 22 0.113 0.563
5 22 0.138 0.563
6 22 0.163 0.563
14 -3 0.363 -0.063
14 -2 0.363 -0.038
15 -20 0.388 -0.488
15 -19 0.388 -0.463
15 -18 0.388 -0.438
15 -17 0.388 -0.413
15 -16 0.388 -0.388
15 -15 0.388 -0.363
15 -14 0.388 -0.338
-58 -6 -1.438 -0.138
-58 -7 -1.438 -0.163
-57 -8 -1.413 -0.188
-57 -9 -1.413 -0.213
-56 -10 -1.388 -0.238
-56 -11 -1.388 -0.263
-55 -12 -1.363 -0.288
-55 -13 -1.363 -0.313
-54 -14 -1.338 -0.338
-54 -15 -1.338 -0.363
-53 -16 -1.313 -0.388
-53 -17 -1.313 -0.413
-52 -17 -1.288 -0.413
-52 -16 -1.288 -0.388
-52 -18 -1.288 -0.438
-51 -18 -1.263 -0.438
-51 -17 -1.263 -0.413
-51 -16 -1.263 -0.388
-50 -18 -1.238 -0.438
-50 -17 -1.238 -0.413
-50 -16 -1.238 -0.388
-49 -18 -1.213 -0.438
-49 -17 -1.213 -0.413
-49 -16 -1.213 -0.388
-48 -17 -1.188 -0.413
-48 -16 -1.188 -0.388
-47 -17 -1.163 -0.413
-47 -16 -1.163 -0.388
-46 -17 -1.138 -0.413
-46 -16 -1.138 -0.388
-45 -17 -1.113 -0.413
-45 -16 -1.113 -0.388
-44 -17 -1.088 -0.413
-44 -16 -1.088 -0.388
-43 -17 -1.063 -0.413
-43 -16 -1.063 -0.388
-42 -17 -1.038 -0.413
-42 -16 -1.038 -0.388
-41 -17 -1.013 -0.413
-41 -16 -1.013 -0.388
-40 -17 -0.988 -0.413
-40 -16 -0.988 -0.388
-39 -17 -0.963 -0.413
-39 -16 -0.963 -0.388
-38 -17 -0.938 -0.413
-38 -16 -0.938 -0.388
-37 -17 -0.913 -0.413
-37 -16 -0.913 -0.388
-36 -16 -0.888 -0.388
-35 -16 -0.863 -0.388
-34 -16 -0.838 -0.388
-33 -16 -0.813 -0.388
-32 -16 -0.788 -0.388
-31 -16 -0.763 -0.388
-30 -16 -0.738 -0.388
-29 -16 -0.713 -0.388
-29 -15 -0.713 -0.363
-28 -16 -0.688 -0.388
-28 -15 -0.688 -0.363
-27 -16 -0.663 -0.388
-27 -15 -0.663 -0.363
-26 -16 -0.638 -0.388
-26 -15 -0.638 -0.363
-18 5 -0.438 0.138
-18 6 -0.438 0.163
-17 12 -0.413 0.313
-17 13 -0.413 0.338
-17 14 -0.413 0.363
-17 15 -0.413 0.388
-16 18 -0.388 0.463
-16 19 -0.388 0.488
-11 -23 -0.263 -0.563
-10 -23 -0.238 -0.563
-9 -23 -0.213 -0.563
-8 -23 -0.188 -0.563
-3 -22 -0.063 -0.538
-2 -22 -0.038 -0.538
-1 -22 -0.013 -0.538
9 23 0.238 0.588
10 23 0.263 0.588
15 -13 0.388 -0.313
15 -12 0.388 -0.288
15 -11 0.388 -0.263
15 -10 0.388 -0.238
16 -19 0.413 -0.463
16 -18 0.413 -0.438
16 -17 0.413 -0.413
-58 -9 -1.438 -0.213
-58 -8 -1.438 -0.188
-57 -10 -1.413 -0.238
-57 -11 -1.413 -0.263
-56 -12 -1.388 -0.288
-56 -13 -1.388 -0.313
-55 -14 -1.363 -0.338
-54 -16 -1.338 -0.388
-53 -18 -1.313 -0.438
-52 -19 -1.288 -0.463
-52 -20 -1.288 -0.488
-51 -20 -1.263 -0.488
-51 -19 -1.263 -0.463
-50 -20 -1.238 -0.488
-50 -19 -1.238 -0.463
-49 -20 -1.213 -0.488
-49 -19 -1.213 -0.463
-48 -20 -1.188 -0.488
-48 -19 -1.188 -0.463
-48 -18 -1.188 -0.438
-47 -20 -1.163 -0.488
-47 -19 -1.163 -0.463
-47 -18 -1.163 -0.438
-46 -20 -1.138 -0.488
-46 -19 -1.138 -0.463
-46 -18 -1.138 -0.438
-45 -19 -1.113 -0.463
-45 -18 -1.113 -0.438
-44 -19 -1.088 -0.463
-44 -18 -1.088 -0.438
-43 -19 -1.063 -0.463
-43 -18 -1.063 -0.438
-42 -19 -1.038 -0.463
-42 -18 -1.038 -0.438
-41 -19 -1.013 -0.463
-41 -18 -1.013 -0.438
-40 -19 -0.988 -0.463
-40 -18 -0.988 -0.438
-39 -19 -0.963 -0.463
-39 -18 -0.963 -0.438
-38 -18 -0.938 -0.438
-37 -18 -0.913 -0.438
-36 -18 -0.888 -0.438
-36 -17 -0.888 -0.413
-35 -18 -0.863 -0.438
-35 -17 -0.863 -0.413
-34 -18 -0.838 -0.438
-34 -17 -0.838 -0.413
-33 -18 -0.813 -0.438
-33 -17 -0.813 -0.413
-32 -18 -0.788 -0.438
-32 -17 -0.788 -0.413
-31 -18 -0.763 -0.438
-31 -17 -0.763 -0.413
-30 -17 -0.738 -0.413
-29 -17 -0.713 -0.413
-28 -17 -0.688 -0.413
-27 -17 -0.663 -0.413
-26 -17 -0.638 -0.413
-25 -17 -0.613 -0.413
-25 -16 -0.613 -0.388
-25 -15 -0.613 -0.363
-25 -14 -0.613 -0.338
-25 -13 -0.613 -0.313
-25 -12 -0.613 -0.288
-17 16 -0.413 0.413
-17 17 -0.413 0.438
-17 18 -0.413 0.463
-17 19 -0.413 0.488
-7 -23 -0.163 -0.563
-6 -23 -0.138 -0.563
0 -22 0.013 -0.538
0 22 0.013 0.563
5 23 0.138 0.588
6 23 0.163 0.588
7 23 0.188 0.588
8 23 0.213 0.588
14 -1 0.363 -0.013
14 0 0.363 0.013
15 -9 0.388 -0.213
15 -8 0.388 -0.188
15 -7 0.388 -0.163
15 -6 0.388 -0.138
15 -5 0.388 -0.113
16 -16 0.413 -0.388
16 -15 0.413 -0.363
16 -14 0.413 -0.338
16 -13 0.413 -0.313
16 -12 0.413 -0.288
16 -11 0.413 -0.263
17 -19 0.438 -0.463
17 -18 0.438 -0.438
17 -17 0.438 -0.413
-58 -11 -1.438 -0.263
-58 -10 -1.438 -0.238
-57 -12 -1.413 -0.288
-56 -14 -1.388 -0.338
-55 -15 -1.363 -0.363
-55 -16 -1.363 -0.388
-54 -17 -1.338 -0.413
-53 -19 -1.313 -0.463
-51 -21 -1.263 -0.513
-51 -22 -1.263 -0.538
-50 -22 -1.238 -0.538
-50 -21 -1.238 -0.513
-49 -22 -1.213 -0.538
-49 -21 -1.213 -0.513
-48 -22 -1.188 -0.538
-48 -21 -1.188 -0.513
-47 -22 -1.163 -0.538
-47 -21 -1.163 -0.513
-46 -21 -1.138 -0.513
-45 -21 -1.113 -0.513
-45 -20 -1.113 -0.488
-44 -21 -1.088 -0.513
-44 -20 -1.088 -0.488
-43 -21 -1.063 -0.513
-43 -20 -1.063 -0.488
-42 -21 -1.038 -0.513
-42 -20 -1.038 -0.488
-41 -21 -1.013 -0.513
-41 -20 -1.013 -0.488
-40 -20 -0.988 -0.488
-39 -20 -0.963 -0.488
-38 -20 -0.938 -0.488
-38 -19 -0.938 -0.463
-37 -20 -0.913 -0.488
-37 -19 -0.913 -0.463
-36 -20 -0.888 -0.488
-36 -19 -0.888 -0.463
-35 -20 -0.863 -0.488
-35 -19 -0.863 -0.463
-34 -19 -0.838 -0.463
-33 -19 -0.813 -0.463
-32 -19 -0.788 -0.463
-31 -19 -0.763 -0.463
-30 -19 -0.738 -0.463
-30 -18 -0.738 -0.438
-29 -18 -0.713 -0.438
-28 -18 -0.688 -0.438
-27 -18 -0.663 -0.438
-26 -18 -0.638 -0.438
-25 -18 -0.613 -0.438
-25 -11 -0.613 -0.263
-25 -10 -0.613 -0.238
-24 -18 -0.588 -0.438
-24 -17 -0.588 -0.413
-24 -16 -0.588 -0.388
-18 7 -0.438 0.188
-18 8 -0.438 0.213
-18 9 -0.438 0.238
-18 10 -0.438 0.263
-18 11 -0.438 0.288
-18 12 -0.438 0.313
-18 13 -0.438 0.338
-18 14 -0.438 0.363
-18 15 -0.438 0.388
-18 16 -0.438 0.413
-18 17 -0.438 0.438
-18 18 -0.438 0.463
-5 -23 -0.113 -0.563
-4 -23 -0.088 -0.563
-2 22 -0.038 0.563
-1 22 -0.013 0.563
3 23 0.088 0.588
4 23 0.113 0.588
7 24 0.188 0.613
8 24 0.213 0.613
16 -10 0.413 -0.238
16 -9 0.413 -0.213
17 -16 0.438 -0.388
17 -15 0.438 -0.363
17 -14 0.438 -0.338
-57 -13 -1.413 -0.313
-57 -14 -1.413 -0.338
-56 -15 -1.388 -0.363
-55 -17 -1.363 -0.413
-54 -18 -1.338 -0.438
-53 -20 -1.313 -0.488
-52 -21 -1.288 -0.513
-50 -23 -1.238 -0.563
-50 -24 -1.238 -0.588
-49 -24 -1.213 -0.588
-49 -23 -1.213 -0.563
-48 -24 -1.188 -0.588
-48 -23 -1.188 -0.563
-47 -24 -1.163 -0.588
-47 -23 -1.163 -0.563
-46 -24 -1.138 -0.588
-46 -23 -1.138 -0.563
-46 -22 -1.138 -0.538
-45 -24 -1.113 -0.588
-45 -23 -1.113 -0.563
-45 -22 -1.113 -0.538
-44 -23 -1.088 -0.563
-44 -22 -1.088 -0.538
-43 -23 -1.063 -0.563
-43 -22 -1.063 -0.538
-42 -23 -1.038 -0.563
-42 -22 -1.038 -0.538
-41 -23 -1.013 -0.563
-41 -22 -1.013 -0.538
-40 -23 -0.988 -0.563
-40 -22 -0.988 -0.538
-40 -21 -0.988 -0.513
-39 -22 -0.963 -0.538
-39 -21 -0.963 -0.513
-38 -22 -0.938 -0.538
-38 -21 -0.938 -0.513
-37 -22 -0.913 -0.538
-37 -21 -0.913 -0.513
-36 -22 -0.888 -0.538
-36 -21 -0.888 -0.513
-35 -21 -0.863 -0.513
-34 -21 -0.838 -0.513
-34 -20 -0.838 -0.488
-33 -21 -0.813 -0.513
-33 -20 -0.813 -0.488
-32 -21 -0.788 -0.513
-32 -20 -0.788 -0.488
-31 -21 -0.763 -0.513
-31 -20 -0.763 -0.488
-30 -20 -0.738 -0.488
-29 -20 -0.713 -0.488
-29 -19 -0.713 -0.463
-28 -20 -0.688 -0.488
-28 -19 -0.688 -0.463
-27 -20 -0.663 -0.488
-27 -19 -0.663 -0.463
-26 -19 -0.638 -0.463
-26 -4 -0.638 -0.088
-25 -19 -0.613 -0.463
-25 -9 -0.613 -0.213
-24 -19 -0.588 -0.463
-24 -15 -0.588 -0.363
-24 -14 -0.588 -0.338
-24 -13 -0.588 -0.313
-23 -19 -0.563 -0.463
-23 -18 -0.563 -0.438
-7 -24 -0.163 -0.588
-6 -24 -0.138 -0.588
-3 -23 -0.063 -0.563
-2 -23 -0.038 -0.563
1 -22 0.038 -0.538
2 23 0.063 0.588
5 24 0.138 0.613
6 24 0.163 0.613
14 1 0.363 0.038
15 -4 0.388 -0.088
15 -3 0.388 -0.063
15 -2 0.388 -0.038
16 -8 0.413 -0.188
16 -7 0.413 -0.163
16 -6 0.413 -0.138
17 -13 0.438 -0.313
17 -12 0.438 -0.288
17 -11 0.438 -0.263
17 -10 0.438 -0.238
18 -17 0.463 -0.413
18 -16 0.463 -0.388
18 -15 0.463 -0.363
18 -14 0.463 -0.338
-56 -16 -1.388 -0.388
-56 -17 -1.388 -0.413
-55 -18 -1.363 -0.438
-54 -19 -1.338 -0.463
-53 -21 -1.313 -0.513
-52 -22 -1.288 -0.538
-51 -23 -1.263 -0.563
-49 -25 -1.213 -0.613
-49 -26 -1.213 -0.638
-48 -26 -1.188 -0.638
-48 -25 -1.188 -0.613
-47 -26 -1.163 -0.638
-47 -25 -1.163 -0.613
-46 -26 -1.138 -0.638
-46 -25 -1.138 -0.613
-45 -26 -1.113 -0.638
-45 -25 -1.113 -0.613
-44 -25 -1.088 -0.613
-44 -24 -1.088 -0.588
-43 -25 -1.063 -0.613
-43 -24 -1.063 -0.588
-42 -25 -1.038 -0.613
-42 -24 -1.038 -0.588
-41 -25 -1.013 -0.613
-41 -24 -1.013 -0.588
-40 -24 -0.988 -0.588
-39 -24 -0.963 -0.588
-39 -23 -0.963 -0.563
-38 -24 -0.938 -0.588
-38 -23 -0.938 -0.563
-37 -24 -0.913 -0.588
-37 -23 -0.913 -0.563
-36 -23 -0.888 -0.563
-35 -23 -0.863 -0.563
-35 -22 -0.863 -0.538
-34 -23 -0.838 -0.563
-34 -22 -0.838 -0.538
-33 -23 -0.813 -0.563
-33 -22 -0.813 -0.538
-32 -22 -0.788 -0.538
-31 -22 -0.763 -0.538
-30 -22 -0.738 -0.538
-30 -21 -0.738 -0.513
-29 -21 -0.713 -0.513
-28 -21 -0.688 -0.513
-27 -21 -0.663 -0.513
-26 -21 -0.638 -0.513
-26 -20 -0.638 -0.488
-25 -20 -0.613 -0.488
-25 -8 -0.613 -0.188
-24 -20 -0.588 -0.488
-24 -12 -0.588 -0.288
-23 -20 -0.563 -0.488
-23 -17 -0.563 -0.413
-23 -16 -0.563 -0.388
-22 -20 -0.538 -0.488
-22 -19 -0.538 -0.463
-19 11 -0.463 0.288
-19 12 -0.463 0.313
-19 13 -0.463 0.338
-19 14 -0.463 0.363
-19 15 -0.463 0.388
-19 16 -0.463 0.413
-19 6 -0.463 0.163
-19 7 -0.463 0.188
-19 8 -0.463 0.213
-19 9 -0.463 0.238
-19 10 -0.463 0.263
-19 17 -0.463 0.438
-18 -6 -0.438 -0.138
-5 -24 -0.113 -0.588
-3 22 -0.063 0.563
-1 -23 -0.013 -0.563
0 23 0.013 0.588
1 23 0.038 0.588
2 -22 0.063 -0.538
4 24 0.113 0.613
17 -9 0.438 -0.213
18 -13 0.463 -0.313
18 -12 0.463 -0.288
19 -16 0.488 -0.388
19 -15 0.488 -0.363
-56 -18 -1.388 -0.438
-55 -19 -1.363 -0.463
-55 -20 -1.363 -0.488
-54 -20 -1.338 -0.488
-54 -21 -1.338 -0.513
-53 -22 -1.313 -0.538
-52 -23 -1.288 -0.563
-51 -24 -1.263 -0.588
-50 -25 -1.238 -0.613
-50 -26 -1.238 -0.638
-49 -27 -1.213 -0.663
-48 -27 -1.188 -0.663
-48 -28 -1.188 -0.688
-47 -28 -1.163 -0.688
-47 -27 -1.163 -0.663
-47 -29 -1.163 -0.713
-46 -29 -1.138 -0.713
-46 -28 -1.138 -0.688
-46 -27 -1.138 -0.663
-45 -28 -1.113 -0.688
-45 -27 -1.113 -0.663
-44 -28 -1.088 -0.688
-44 -27 -1.088 -0.663
-44 -26 -1.088 -0.638
-43 -28 -1.063 -0.688
-43 -27 -1.063 -0.663
-43 -26 -1.063 -0.638
-42 -27 -1.038 -0.663
-42 -26 -1.038 -0.638
-41 -27 -1.013 -0.663
-41 -26 -1.013 -0.638
-40 -27 -0.988 -0.663
-40 -26 -0.988 -0.638
-40 -25 -0.988 -0.613
-39 -26 -0.963 -0.638
-39 -25 -0.963 -0.613
-38 -26 -0.938 -0.638
-38 -25 -0.938 -0.613
-37 -26 -0.913 -0.638
-37 -25 -0.913 -0.613
-36 -25 -0.888 -0.613
-36 -24 -0.888 -0.588
-35 -25 -0.863 -0.613
-35 -24 -0.863 -0.588
-34 -25 -0.838 -0.613
-34 -24 -0.838 -0.588
-33 -25 -0.813 -0.613
-33 -24 -0.813 -0.588
-32 -24 -0.788 -0.588
-32 -23 -0.788 -0.563
-31 -24 -0.763 -0.588
-31 -23 -0.763 -0.563
-30 -24 -0.738 -0.588
-30 -23 -0.738 -0.563
-29 -23 -0.713 -0.563
-29 -22 -0.713 -0.538
-28 -23 -0.688 -0.563
-28 -22 -0.688 -0.538
-27 -23 -0.663 -0.563
-27 -22 -0.663 -0.538
-26 -22 -0.638 -0.538
-25 -22 -0.613 -0.538
-25 -21 -0.613 -0.513
-24 -22 -0.588 -0.538
-24 -21 -0.588 -0.513
-23 -21 -0.563 -0.513
-23 -15 -0.563 -0.363
-22 -21 -0.538 -0.513
-22 -18 -0.538 -0.438
-20 13 -0.488 0.338
-20 14 -0.488 0.363
-20 15 -0.488 0.388
-20 16 -0.488 0.413
-19 3 -0.463 0.088
-19 4 -0.463 0.113
-19 5 -0.463 0.138
-4 -24 -0.088 -0.588
-3 -24 -0.063 -0.588
0 -23 0.013 -0.563
2 24 0.063 0.613
3 -22 0.088 -0.538
3 24 0.088 0.613
15 -1 0.388 -0.013
16 -5 0.413 -0.113
16 -4 0.413 -0.088
17 -8 0.438 -0.188
17 -7 0.438 -0.163
18 -11 0.463 -0.263
18 -10 0.463 -0.238
19 -14 0.488 -0.338
19 -13 0.488 -0.313
19 -12 0.488 -0.288
20 -15 0.513 -0.363
-55 -21 -1.363 -0.513
-54 -22 -1.338 -0.538
-53 -23 -1.313 -0.563
-52 -24 -1.288 -0.588
-51 -25 -1.263 -0.613
-47 -30 -1.163 -0.738
-46 -30 -1.138 -0.738
-46 -31 -1.138 -0.763
-45 -31 -1.113 -0.763
-45 -30 -1.113 -0.738
-45 -29 -1.113 -0.713
-44 -30 -1.088 -0.738
-44 -29 -1.088 -0.713
-43 -30 -1.063 -0.738
-43 -29 -1.063 -0.713
-42 -30 -1.038 -0.738
-42 -29 -1.038 -0.713
-42 -28 -1.038 -0.688
-41 -29 -1.013 -0.713
-41 -28 -1.013 -0.688
-40 -29 -0.988 -0.713
-40 -28 -0.988 -0.688
-39 -29 -0.963 -0.713
-39 -28 -0.963 -0.688
-39 -27 -0.963 -0.663
-38 -28 -0.938 -0.688
-38 -27 -0.938 -0.663
-37 -28 -0.913 -0.688
-37 -27 -0.913 -0.663
-36 -28 -0.888 -0.688
-36 -27 -0.888 -0.663
-36 -26 -0.888 -0.638
-35 -27 -0.863 -0.663
-35 -26 -0.863 -0.638
-34 -27 -0.838 -0.663
-34 -26 -0.838 -0.638
-33 -26 -0.813 -0.638
-32 -26 -0.788 -0.638
-32 -25 -0.788 -0.613
-31 -26 -0.763 -0.638
-31 -25 -0.763 -0.613
-30 -25 -0.738 -0.613
-29 -25 -0.713 -0.613
-29 -24 -0.713 -0.588
-28 -25 -0.688 -0.613
-28 -24 -0.688 -0.588
-27 -24 -0.663 -0.588
-26 -24 -0.638 -0.588
-26 -23 -0.638 -0.563
-25 -23 -0.613 -0.563
-24 -23 -0.588 -0.563
-24 -11 -0.588 -0.263
-23 -23 -0.563 -0.563
-23 -22 -0.563 -0.538
-23 -14 -0.563 -0.338
-22 -22 -0.538 -0.538
-22 -17 -0.538 -0.413
-22 -16 -0.538 -0.388
-21 -22 -0.513 -0.538
-21 -21 -0.513 -0.513
-21 -20 -0.513 -0.488
-21 -19 -0.513 -0.463
-20 10 -0.488 0.263
-20 11 -0.488 0.288
-20 12 -0.488 0.313
-20 8 -0.488 0.213
-20 9 -0.488 0.238
-19 1 -0.463 0.038
-19 2 -0.463 0.063
-4 -25 -0.088 -0.613
-2 -24 -0.038 -0.588
-1 -24 -0.013 -0.588
-1 23 -0.013 0.588
1 -23 0.038 -0.563
4 -22 0.113 -0.538
4 25 0.113 0.638
14 2 0.363 0.063
16 -3 0.413 -0.063
17 -6 0.438 -0.138
18 -9 0.463 -0.213
18 -8 0.463 -0.188
19 -11 0.488 -0.263
20 -14 0.513 -0.338
20 -13 0.513 -0.313
-54 -23 -1.338 -0.563
-53 -24 -1.313 -0.588
-52 -25 -1.288 -0.613
-51 -26 -1.263 -0.638
-50 -27 -1.238 -0.663
-49 -28 -1.213 -0.688
-48 -29 -1.188 -0.713
-45 -32 -1.113 -0.788
-44 -32 -1.088 -0.788
-44 -31 -1.088 -0.763
-43 -32 -1.063 -0.788
-43 -31 -1.063 -0.763
-42 -32 -1.038 -0.788
-42 -31 -1.038 -0.763
-41 -31 -1.013 -0.763
-41 -30 -1.013 -0.738
-40 -31 -0.988 -0.763
-40 -30 -0.988 -0.738
-39 -31 -0.963 -0.763
-39 -30 -0.963 -0.738
-38 -30 -0.938 -0.738
-38 -29 -0.938 -0.713
-37 -30 -0.913 -0.738
-37 -29 -0.913 -0.713
-36 -29 -0.888 -0.713
-35 -29 -0.863 -0.713
-35 -28 -0.863 -0.688
-34 -28 -0.838 -0.688
-33 -28 -0.813 -0.688
-33 -27 -0.813 -0.663
-32 -28 -0.788 -0.688
-32 -27 -0.788 -0.663
-31 -27 -0.763 -0.663
-30 -27 -0.738 -0.663
-30 -26 -0.738 -0.638
-29 -26 -0.713 -0.638
-28 -26 -0.688 -0.638
-27 -26 -0.663 -0.638
-27 -25 -0.663 -0.613
-26 -25 -0.638 -0.613
-25 -25 -0.613 -0.613
-25 -24 -0.613 -0.588
-24 -24 -0.588 -0.588
-24 -10 -0.588 -0.238
-23 -24 -0.563 -0.588
-23 -13 -0.563 -0.313
-22 -23 -0.538 -0.563
-22 -15 -0.538 -0.363
-21 -23 -0.513 -0.563
-21 -18 -0.513 -0.438
-20 -23 -0.488 -0.563
-20 -22 -0.488 -0.538
-20 -21 -0.488 -0.513
-20 -20 -0.488 -0.488
