14 -21 0.363 -0.513
15 -18 0.388 -0.438
15 -17 0.388 -0.413
15 18 0.388 0.463
16 -14 0.413 -0.338
16 -13 0.413 -0.313
16 14 0.413 0.363
17 -10 0.438 -0.238
17 -9 0.438 -0.213
17 10 0.438 0.263
18 -6 0.463 -0.138
18 -5 0.463 -0.113
18 6 0.463 0.163
19 -2 0.488 -0.038
19 -1 0.488 -0.013
19 2 0.488 0.063
55 -11 1.388 -0.263
55 11 1.388 0.288
56 9 1.413 0.238
57 -6 1.438 -0.138
58 -3 1.463 -0.063
58 4 1.463 0.113
59 -1 1.488 -0.013
59 2 1.488 0.063
15 -19 0.388 -0.463
15 19 0.388 0.488
16 -15 0.413 -0.363
16 15 0.413 0.388
17 -11 0.438 -0.263
17 11 0.438 0.288
18 -7 0.463 -0.163
18 7 0.463 0.188
18 8 0.463 0.213
19 -3 0.488 -0.063
19 3 0.488 0.088
19 4 0.488 0.113
55 -12 1.388 -0.288
55 12 1.388 0.313
56 -9 1.413 -0.213
56 10 1.413 0.263
57 -7 1.438 -0.163
57 7 1.438 0.188
58 -4 1.463 -0.088
58 5 1.463 0.138
59 -2 1.488 -0.038
15 -20 0.388 -0.488
15 20 0.388 0.513
15 21 0.388 0.538
16 -16 0.413 -0.388
16 16 0.413 0.413
16 17 0.413 0.438
17 -12 0.438 -0.288
17 12 0.438 0.313
17 13 0.438 0.338
18 -8 0.463 -0.188
18 9 0.463 0.238
19 -4 0.488 -0.088
19 5 0.488 0.138
20 0 0.513 0.013
20 1 0.513 0.038
55 -13 1.388 -0.313
55 13 1.388 0.338
56 -10 1.413 -0.238
57 -8 1.438 -0.188
57 8 1.438 0.213
58 -5 1.463 -0.113
58 6 1.463 0.163
59 3 1.488 0.088
60 0 1.513 0.013
60 1 1.513 0.038
