-21 -13 -0.513 -0.313
-21 -12 -0.513 -0.288
-21 -11 -0.513 -0.263
-21 -10 -0.513 -0.238
-21 -9 -0.513 -0.213
-21 -8 -0.513 -0.188
-21 -7 -0.513 -0.163
-21 -6 -0.513 -0.138
-21 -5 -0.513 -0.113
-21 -4 -0.513 -0.088
-21 -3 -0.513 -0.063
-21 -2 -0.513 -0.038
-21 -1 -0.513 -0.013
-21 0 -0.513 0.013
-21 1 -0.513 0.038
-21 2 -0.513 0.063
-21 3 -0.513 0.088
-21 4 -0.513 0.113
-21 5 -0.513 0.138
-21 6 -0.513 0.163
-21 7 -0.513 0.188
-21 8 -0.513 0.213
-21 9 -0.513 0.238
-21 10 -0.513 0.263
-21 11 -0.513 0.288
-21 12 -0.513 0.313
-21 13 -0.513 0.338
-20 -13 -0.488 -0.313
-20 -12 -0.488 -0.288
-20 -11 -0.488 -0.263
-20 -10 -0.488 -0.238
-20 -9 -0.488 -0.213
-20 -8 -0.488 -0.188
-20 -7 -0.488 -0.163
-20 -6 -0.488 -0.138
-20 -5 -0.488 -0.113
-20 -4 -0.488 -0.088
-20 -3 -0.488 -0.063
-20 -2 -0.488 -0.038
-20 -1 -0.488 -0.013
-20 0 -0.488 0.013
-20 1 -0.488 0.038
-20 2 -0.488 0.063
-20 3 -0.488 0.088
-20 4 -0.488 0.113
-20 5 -0.488 0.138
-20 6 -0.488 0.163
-20 7 -0.488 0.188
-20 8 -0.488 0.213
-20 9 -0.488 0.238
-20 10 -0.488 0.263
-20 11 -0.488 0.288
-20 12 -0.488 0.313
-20 13 -0.488 0.338
-20 14 -0.488 0.363
-19 -13 -0.463 -0.313
-19 -12 -0.463 -0.288
-19 -11 -0.463 -0.263
-19 -10 -0.463 -0.238
-19 -9 -0.463 -0.213
-19 -8 -0.463 -0.188
-19 -7 -0.463 -0.163
-19 -6 -0.463 -0.138
-19 -5 -0.463 -0.113
-19 -4 -0.463 -0.088
-19 -3 -0.463 -0.063
-19 -2 -0.463 -0.038
-19 -1 -0.463 -0.013
-19 0 -0.463 0.013
-19 1 -0.463 0.038
-19 2 -0.463 0.063
-19 3 -0.463 0.088
-19 4 -0.463 0.113
-19 5 -0.463 0.138
-19 6 -0.463 0.163
-19 7 -0.463 0.188
-19 8 -0.463 0.213
-19 9 -0.463 0.238
-19 10 -0.463 0.263
-19 11 -0.463 0.288
-19 12 -0.463 0.313
-19 13 -0.463 0.338
-19 14 -0.463 0.363
-18 -13 -0.438 -0.313
-18 -12 -0.438 -0.288
-18 -11 -0.438 -0.263
-18 -10 -0.438 -0.238
-18 -9 -0.438 -0.213
-18 -8 -0.438 -0.188
-18 -7 -0.438 -0.163
-18 -6 -0.438 -0.138
-18 -5 -0.438 -0.113
-18 -4 -0.438 -0.088
-18 -3 -0.438 -0.063
-18 -2 -0.438 -0.038
-18 -1 -0.438 -0.013
-18 0 -0.438 0.013
-18 1 -0.438 0.038
-18 2 -0.438 0.063
-18 3 -0.438 0.088
-18 4 -0.438 0.113
-18 5 -0.438 0.138
-18 6 -0.438 0.163
-18 7 -0.438 0.188
-18 8 -0.438 0.213
-18 9 -0.438 0.238
-18 10 -0.438 0.263
-18 11 -0.438 0.288
-18 12 -0.438 0.313
-18 13 -0.438 0.338
-18 14 -0.438 0.363
-17 -13 -0.413 -0.313
-17 -12 -0.413 -0.288
-17 -11 -0.413 -0.263
-17 -10 -0.413 -0.238
-17 -9 -0.413 -0.213
-17 -8 -0.413 -0.188
-17 -7 -0.413 -0.163
-17 -6 -0.413 -0.138
-17 -5 -0.413 -0.113
-17 -4 -0.413 -0.088
-17 -3 -0.413 -0.063
-17 -2 -0.413 -0.038
-17 -1 -0.413 -0.013
-17 0 -0.413 0.013
-17 1 -0.413 0.038
-17 2 -0.413 0.063
-17 3 -0.413 0.088
-17 4 -0.413 0.113
-17 5 -0.413 0.138
-17 6 -0.413 0.163
-17 7 -0.413 0.188
-17 8 -0.413 0.213
-17 9 -0.413 0.238
-17 10 -0.413 0.263
-17 11 -0.413 0.288
-17 12 -0.413 0.313
-17 13 -0.413 0.338
-17 14 -0.413 0.363
-17 15 -0.413 0.388
-16 -13 -0.388 -0.313
-16 -12 -0.388 -0.288
-16 -11 -0.388 -0.263
-16 -10 -0.388 -0.238
-16 -9 -0.388 -0.213
-16 -8 -0.388 -0.188
-16 -7 -0.388 -0.163
-16 -6 -0.388 -0.138
-16 -5 -0.388 -0.113
-16 -4 -0.388 -0.088
-16 -3 -0.388 -0.063
-16 -2 -0.388 -0.038
-16 -1 -0.388 -0.013
-16 0 -0.388 0.013
-16 1 -0.388 0.038
-16 2 -0.388 0.063
-16 3 -0.388 0.088
-16 4 -0.388 0.113
-16 5 -0.388 0.138
-16 6 -0.388 0.163
-16 7 -0.388 0.188
-16 8 -0.388 0.213
-16 9 -0.388 0.238
-16 10 -0.388 0.263
-16 11 -0.388 0.288
-16 12 -0.388 0.313
-16 13 -0.388 0.338
-16 14 -0.388 0.363
-16 15 -0.388 0.388
-15 -13 -0.363 -0.313
-15 -12 -0.363 -0.288
-15 -11 -0.363 -0.263
-15 -10 -0.363 -0.238
-15 -9 -0.363 -0.213
-15 -8 -0.363 -0.188
-15 -7 -0.363 -0.163
-15 -6 -0.363 -0.138
-15 -5 -0.363 -0.113
-15 -4 -0.363 -0.088
-15 -3 -0.363 -0.063
-15 -2 -0.363 -0.038
-15 -1 -0.363 -0.013
-15 0 -0.363 0.013
-15 1 -0.363 0.038
-15 2 -0.363 0.063
-15 3 -0.363 0.088
-15 4 -0.363 0.113
-15 5 -0.363 0.138
-15 6 -0.363 0.163
-15 7 -0.363 0.188
-15 8 -0.363 0.213
-15 9 -0.363 0.238
-15 10 -0.363 0.263
-15 11 -0.363 0.288
-15 12 -0.363 0.313
-15 13 -0.363 0.338
-15 14 -0.363 0.363
-15 15 -0.363 0.388
-14 -13 -0.338 -0.313
-14 -12 -0.338 -0.288
-14 -11 -0.338 -0.263
-14 -10 -0.338 -0.238
-14 -9 -0.338 -0.213
-14 -8 -0.338 -0.188
-14 -7 -0.338 -0.163
-14 -6 -0.338 -0.138
-14 -5 -0.338 -0.113
-14 -4 -0.338 -0.088
-14 -3 -0.338 -0.063
-14 -2 -0.338 -0.038
-14 -1 -0.338 -0.013
-14 0 -0.338 0.013
-14 1 -0.338 0.038
-14 2 -0.338 0.063
-14 3 -0.338 0.088
-14 4 -0.338 0.113
-14 5 -0.338 0.138
-14 6 -0.338 0.163
-14 7 -0.338 0.188
-14 8 -0.338 0.213
-14 9 -0.338 0.238
-14 10 -0.338 0.263
-14 11 -0.338 0.288
-14 12 -0.338 0.313
-14 13 -0.338 0.338
-14 14 -0.338 0.363
-14 15 -0.338 0.388
-13 -13 -0.313 -0.313
-13 -12 -0.313 -0.288
-13 -11 -0.313 -0.263
-13 -10 -0.313 -0.238
-13 -9 -0.313 -0.213
-13 -8 -0.313 -0.188
-13 -7 -0.313 -0.163
-13 -6 -0.313 -0.138
-13 -5 -0.313 -0.113
-13 -4 -0.313 -0.088
-13 -3 -0.313 -0.063
-13 -2 -0.313 -0.038
-13 -1 -0.313 -0.013
-13 0 -0.313 0.013
-13 1 -0.313 0.038
-13 2 -0.313 0.063
-13 3 -0.313 0.088
-13 4 -0.313 0.113
-13 5 -0.313 0.138
-13 6 -0.313 0.163
-13 7 -0.313 0.188
-13 8 -0.313 0.213
-13 9 -0.313 0.238
-13 10 -0.313 0.263
-13 11 -0.313 0.288
-13 12 -0.313 0.313
-13 13 -0.313 0.338
-13 14 -0.313 0.363
-13 15 -0.313 0.388
-13 16 -0.313 0.413
-12 -13 -0.288 -0.313
-12 -12 -0.288 -0.288
-12 -11 -0.288 -0.263
-12 -10 -0.288 -0.238
-12 -9 -0.288 -0.213
-12 -8 -0.288 -0.188
-12 -7 -0.288 -0.163
-12 -6 -0.288 -0.138
-12 -5 -0.288 -0.113
-12 -4 -0.288 -0.088
-12 -3 -0.288 -0.063
-12 -2 -0.288 -0.038
-12 -1 -0.288 -0.013
-12 0 -0.288 0.013
-12 1 -0.288 0.038
-12 2 -0.288 0.063
-12 3 -0.288 0.088
-12 4 -0.288 0.113
-12 5 -0.288 0.138
-12 6 -0.288 0.163
-12 7 -0.288 0.188
-12 8 -0.288 0.213
-12 9 -0.288 0.238
-12 10 -0.288 0.263
-12 11 -0.288 0.288
-12 12 -0.288 0.313
-12 13 -0.288 0.338
-12 14 -0.288 0.363
-12 15 -0.288 0.388
-12 16 -0.288 0.413
-11 -13 -0.263 -0.313
-11 -12 -0.263 -0.288
-11 -11 -0.263 -0.263
-11 -10 -0.263 -0.238
-11 -9 -0.263 -0.213
-11 -8 -0.263 -0.188
-11 -7 -0.263 -0.163
-11 -6 -0.263 -0.138
-11 -5 -0.263 -0.113
-11 -4 -0.263 -0.088
-11 -3 -0.263 -0.063
-11 -2 -0.263 -0.038
-11 -1 -0.263 -0.013
-11 0 -0.263 0.013
-11 1 -0.263 0.038
-11 2 -0.263 0.063
-11 3 -0.263 0.088
-11 4 -0.263 0.113
-11 5 -0.263 0.138
-11 6 -0.263 0.163
-11 7 -0.263 0.188
-11 8 -0.263 0.213
-11 9 -0.263 0.238
-11 10 -0.263 0.263
-11 11 -0.263 0.288
-11 12 -0.263 0.313
-11 13 -0.263 0.338
-11 14 -0.263 0.363
-11 15 -0.263 0.388
-11 16 -0.263 0.413
-10 -13 -0.238 -0.313
-10 -12 -0.238 -0.288
-10 -11 -0.238 -0.263
-10 -10 -0.238 -0.238
-10 -9 -0.238 -0.213
-10 -8 -0.238 -0.188
-10 -7 -0.238 -0.163
-10 -6 -0.238 -0.138
-10 -5 -0.238 -0.113
-10 -4 -0.238 -0.088
-10 -3 -0.238 -0.063
-10 -2 -0.238 -0.038
-10 -1 -0.238 -0.013
-10 0 -0.238 0.013
-10 1 -0.238 0.038
-10 2 -0.238 0.063
-10 3 -0.238 0.088
-10 4 -0.238 0.113
-10 5 -0.238 0.138
-10 6 -0.238 0.163
-10 7 -0.238 0.188
-10 8 -0.238 0.213
-10 9 -0.238 0.238
-10 10 -0.238 0.263
-10 11 -0.238 0.288
-10 12 -0.238 0.313
-10 13 -0.238 0.338
-10 14 -0.238 0.363
-10 15 -0.238 0.388
-10 16 -0.238 0.413
-9 -13 -0.213 -0.313
-9 -12 -0.213 -0.288
-9 -11 -0.213 -0.263
-9 -10 -0.213 -0.238
-9 -9 -0.213 -0.213
-9 -8 -0.213 -0.188
-9 -7 -0.213 -0.163
-9 -6 -0.213 -0.138
-9 -5 -0.213 -0.113
-9 -4 -0.213 -0.088
-9 -3 -0.213 -0.063
-9 -2 -0.213 -0.038
-9 -1 -0.213 -0.013
-9 0 -0.213 0.013
-9 1 -0.213 0.038
-9 2 -0.213 0.063
-9 3 -0.213 0.088
-9 4 -0.213 0.113
-9 5 -0.213 0.138
-9 6 -0.213 0.163
-9 7 -0.213 0.188
-9 8 -0.213 0.213
-9 9 -0.213 0.238
-9 10 -0.213 0.263
-9 11 -0.213 0.288
-9 12 -0.213 0.313
-9 13 -0.213 0.338
-9 14 -0.213 0.363
-9 15 -0.213 0.388
-9 16 -0.213 0.413
-9 17 -0.213 0.438
-8 -13 -0.188 -0.313
-8 -12 -0.188 -0.288
-8 -11 -0.188 -0.263
-8 -10 -0.188 -0.238
-8 -9 -0.188 -0.213
-8 -8 -0.188 -0.188
-8 -7 -0.188 -0.163
-8 -6 -0.188 -0.138
-8 -5 -0.188 -0.113
-8 -4 -0.188 -0.088
-8 -3 -0.188 -0.063
-8 -2 -0.188 -0.038
-8 -1 -0.188 -0.013
-8 0 -0.188 0.013
-8 1 -0.188 0.038
-8 2 -0.188 0.063
-8 3 -0.188 0.088
-8 4 -0.188 0.113
-8 5 -0.188 0.138
-8 6 -0.188 0.163
-8 7 -0.188 0.188
-8 8 -0.188 0.213
-8 9 -0.188 0.238
-8 10 -0.188 0.263
-8 11 -0.188 0.288
-8 12 -0.188 0.313
-8 13 -0.188 0.338
-8 14 -0.188 0.363
-8 15 -0.188 0.388
-8 16 -0.188 0.413
-8 17 -0.188 0.438
-7 -13 -0.163 -0.313
-7 -12 -0.163 -0.288
-7 -11 -0.163 -0.263
-7 -10 -0.163 -0.238
-7 -9 -0.163 -0.213
-7 -8 -0.163 -0.188
-7 -7 -0.163 -0.163
-7 -6 -0.163 -0.138
-7 -5 -0.163 -0.113
-7 -4 -0.163 -0.088
-7 -3 -0.163 -0.063
-7 -2 -0.163 -0.038
-7 -1 -0.163 -0.013
-7 0 -0.163 0.013
-7 1 -0.163 0.038
-7 2 -0.163 0.063
-7 3 -0.163 0.088
-7 4 -0.163 0.113
-7 5 -0.163 0.138
-7 6 -0.163 0.163
-7 7 -0.163 0.188
-7 8 -0.163 0.213
-7 9 -0.163 0.238
-7 10 -0.163 0.263
-7 11 -0.163 0.288
-7 12 -0.163 0.313
-7 13 -0.163 0.338
-7 14 -0.163 0.363
-7 15 -0.163 0.388
-7 16 -0.163 0.413
-7 17 -0.163 0.438
-6 -13 -0.138 -0.313
-6 -12 -0.138 -0.288
-6 -11 -0.138 -0.263
-6 -10 -0.138 -0.238
-6 -9 -0.138 -0.213
-6 -8 -0.138 -0.188
-6 -7 -0.138 -0.163
-6 -6 -0.138 -0.138
-6 -5 -0.138 -0.113
-6 -4 -0.138 -0.088
-6 -3 -0.138 -0.063
-6 -2 -0.138 -0.038
-6 -1 -0.138 -0.013
-6 0 -0.138 0.013
-6 1 -0.138 0.038
-6 2 -0.138 0.063
-6 3 -0.138 0.088
-6 4 -0.138 0.113
-6 5 -0.138 0.138
-6 6 -0.138 0.163
-6 7 -0.138 0.188
-6 8 -0.138 0.213
-6 9 -0.138 0.238
-6 10 -0.138 0.263
-6 11 -0.138 0.288
-6 12 -0.138 0.313
-6 13 -0.138 0.338
-6 14 -0.138 0.363
-6 15 -0.138 0.388
-6 16 -0.138 0.413
-6 17 -0.138 0.438
-5 -13 -0.113 -0.313
-5 -12 -0.113 -0.288
-5 -11 -0.113 -0.263
-5 -10 -0.113 -0.238
-5 -9 -0.113 -0.213
-5 -8 -0.113 -0.188
-5 -7 -0.113 -0.163
-5 -6 -0.113 -0.138
-5 -5 -0.113 -0.113
-5 -4 -0.113 -0.088
-5 -3 -0.113 -0.063
-5 -2 -0.113 -0.038
-5 -1 -0.113 -0.013
-5 0 -0.113 0.013
-5 1 -0.113 0.038
-5 2 -0.113 0.063
-5 3 -0.113 0.088
-5 4 -0.113 0.113
-5 5 -0.113 0.138
-5 6 -0.113 0.163
-5 7 -0.113 0.188
-5 8 -0.113 0.213
-5 9 -0.113 0.238
-5 10 -0.113 0.263
-5 11 -0.113 0.288
-5 12 -0.113 0.313
-5 13 -0.113 0.338
-5 14 -0.113 0.363
-5 15 -0.113 0.388
-5 16 -0.113 0.413
-5 17 -0.113 0.438
-5 18 -0.113 0.463
-4 -13 -0.088 -0.313
-4 -12 -0.088 -0.288
-4 -11 -0.088 -0.263
-4 -10 -0.088 -0.238
-4 -9 -0.088 -0.213
-4 -8 -0.088 -0.188
-4 -7 -0.088 -0.163
-4 -6 -0.088 -0.138
-4 -5 -0.088 -0.113
-4 -4 -0.088 -0.088
-4 -3 -0.088 -0.063
-4 -2 -0.088 -0.038
-4 -1 -0.088 -0.013
-4 0 -0.088 0.013
-4 1 -0.088 0.038
-4 2 -0.088 0.063
-4 3 -0.088 0.088
-4 4 -0.088 0.113
-4 5 -0.088 0.138
-4 6 -0.088 0.163
-4 7 -0.088 0.188
-4 8 -0.088 0.213
-4 9 -0.088 0.238
-4 10 -0.088 0.263
-4 11 -0.088 0.288
-4 12 -0.088 0.313
-4 13 -0.088 0.338
-4 14 -0.088 0.363
-4 15 -0.088 0.388
-4 16 -0.088 0.413
-4 17 -0.088 0.438
-4 18 -0.088 0.463
-3 -13 -0.063 -0.313
-3 -12 -0.063 -0.288
-3 -11 -0.063 -0.263
-3 -10 -0.063 -0.238
-3 -9 -0.063 -0.213
-3 -8 -0.063 -0.188
-3 -7 -0.063 -0.163
-3 -6 -0.063 -0.138
-3 -5 -0.063 -0.113
-3 -4 -0.063 -0.088
-3 -3 -0.063 -0.063
-3 -2 -0.063 -0.038
-3 -1 -0.063 -0.013
-3 0 -0.063 0.013
-3 1 -0.063 0.038
-3 2 -0.063 0.063
-3 3 -0.063 0.088
-3 4 -0.063 0.113
-3 5 -0.063 0.138
-3 6 -0.063 0.163
-3 7 -0.063 0.188
-3 8 -0.063 0.213
-3 9 -0.063 0.238
-3 10 -0.063 0.263
-3 11 -0.063 0.288
-3 12 -0.063 0.313
-3 13 -0.063 0.338
-3 14 -0.063 0.363
-3 15 -0.063 0.388
-3 16 -0.063 0.413
-3 17 -0.063 0.438
-3 18 -0.063 0.463
-2 -13 -0.038 -0.313
-2 -12 -0.038 -0.288
-2 -11 -0.038 -0.263
-2 -10 -0.038 -0.238
-2 -9 -0.038 -0.213
-2 -8 -0.038 -0.188
-2 -7 -0.038 -0.163
-2 -6 -0.038 -0.138
-2 -5 -0.038 -0.113
-2 -4 -0.038 -0.088
-2 -3 -0.038 -0.063
-2 -2 -0.038 -0.038
-2 -1 -0.038 -0.013
-2 0 -0.038 0.013
-2 1 -0.038 0.038
-2 2 -0.038 0.063
-2 3 -0.038 0.088
-2 4 -0.038 0.113
-2 5 -0.038 0.138
-2 6 -0.038 0.163
-2 7 -0.038 0.188
-2 8 -0.038 0.213
-2 9 -0.038 0.238
-2 10 -0.038 0.263
-2 11 -0.038 0.288
-2 12 -0.038 0.313
-2 13 -0.038 0.338
-2 14 -0.038 0.363
-2 15 -0.038 0.388
-2 16 -0.038 0.413
-2 17 -0.038 0.438
-2 18 -0.038 0.463
-1 -13 -0.013 -0.313
-1 -12 -0.013 -0.288
-1 -11 -0.013 -0.263
-1 -10 -0.013 -0.238
-1 -9 -0.013 -0.213
-1 -8 -0.013 -0.188
-1 -7 -0.013 -0.163
-1 -6 -0.013 -0.138
-1 -5 -0.013 -0.113
-1 -4 -0.013 -0.088
-1 -3 -0.013 -0.063
-1 -2 -0.013 -0.038
-1 -1 -0.013 -0.013
-1 0 -0.013 0.013
-1 1 -0.013 0.038
-1 2 -0.013 0.063
-1 3 -0.013 0.088
-1 4 -0.013 0.113
-1 5 -0.013 0.138
-1 6 -0.013 0.163
-1 7 -0.013 0.188
-1 8 -0.013 0.213
-1 9 -0.013 0.238
-1 10 -0.013 0.263
-1 11 -0.013 0.288
-1 12 -0.013 0.313
-1 13 -0.013 0.338
-1 14 -0.013 0.363
-1 15 -0.013 0.388
-1 16 -0.013 0.413
-1 17 -0.013 0.438
-1 18 -0.013 0.463
-1 19 -0.013 0.488
0 -13 0.013 -0.313
0 -12 0.013 -0.288
0 -11 0.013 -0.263
0 -10 0.013 -0.238
0 -9 0.013 -0.213
0 -8 0.013 -0.188
0 -7 0.013 -0.163
0 -6 0.013 -0.138
0 -5 0.013 -0.113
0 -4 0.013 -0.088
0 -3 0.013 -0.063
0 -2 0.013 -0.038
0 -1 0.013 -0.013
0 0 0.013 0.013
0 1 0.013 0.038
0 2 0.013 0.063
0 3 0.013 0.088
0 4 0.013 0.113
0 5 0.013 0.138
0 6 0.013 0.163
0 7 0.013 0.188
0 8 0.013 0.213
0 9 0.013 0.238
0 10 0.013 0.263
0 11 0.013 0.288
0 12 0.013 0.313
0 13 0.013 0.338
0 14 0.013 0.363
0 15 0.013 0.388
0 16 0.013 0.413
0 17 0.013 0.438
0 18 0.013 0.463
0 19 0.013 0.488
1 -13 0.038 -0.313
1 -12 0.038 -0.288
1 -11 0.038 -0.263
1 -10 0.038 -0.238
1 -9 0.038 -0.213
1 -8 0.038 -0.188
1 -7 0.038 -0.163
1 -6 0.038 -0.138
1 -5 0.038 -0.113
1 -4 0.038 -0.088
1 -3 0.038 -0.063
1 -2 0.038 -0.038
1 -1 0.038 -0.013
1 0 0.038 0.013
1 1 0.038 0.038
1 2 0.038 0.063
1 3 0.038 0.088
1 4 0.038 0.113
1 5 0.038 0.138
1 6 0.038 0.163
1 7 0.038 0.188
1 8 0.038 0.213
1 9 0.038 0.238
1 10 0.038 0.263
1 11 0.038 0.288
1 12 0.038 0.313
1 13 0.038 0.338
1 14 0.038 0.363
1 15 0.038 0.388
1 16 0.038 0.413
1 17 0.038 0.438
1 18 0.038 0.463
2 -13 0.063 -0.313
2 -12 0.063 -0.288
2 -11 0.063 -0.263
2 -10 0.063 -0.238
2 -9 0.063 -0.213
2 -8 0.063 -0.188
2 -7 0.063 -0.163
2 -6 0.063 -0.138
2 -5 0.063 -0.113
2 -4 0.063 -0.088
2 -3 0.063 -0.063
2 -2 0.063 -0.038
2 -1 0.063 -0.013
2 0 0.063 0.013
2 1 0.063 0.038
2 2 0.063 0.063
2 3 0.063 0.088
2 4 0.063 0.113
2 5 0.063 0.138
2 6 0.063 0.163
2 7 0.063 0.188
2 8 0.063 0.213
2 9 0.063 0.238
2 10 0.063 0.263
2 11 0.063 0.288
2 12 0.063 0.313
2 13 0.063 0.338
2 14 0.063 0.363
2 15 0.063 0.388
2 16 0.063 0.413
2 17 0.063 0.438
2 18 0.063 0.463
3 -13 0.088 -0.313
3 -12 0.088 -0.288
3 -11 0.088 -0.263
3 -10 0.088 -0.238
3 -9 0.088 -0.213
3 -8 0.088 -0.188
3 -7 0.088 -0.163
3 -6 0.088 -0.138
3 -5 0.088 -0.113
3 -4 0.088 -0.088
3 -3 0.088 -0.063
3 -2 0.088 -0.038
3 -1 0.088 -0.013
3 0 0.088 0.013
3 1 0.088 0.038
3 2 0.088 0.063
3 3 0.088 0.088
3 4 0.088 0.113
3 5 0.088 0.138
3 6 0.088 0.163
3 7 0.088 0.188
3 8 0.088 0.213
3 9 0.088 0.238
3 10 0.088 0.263
3 11 0.088 0.288
3 12 0.088 0.313
3 13 0.088 0.338
3 14 0.088 0.363
3 15 0.088 0.388
3 16 0.088 0.413
3 17 0.088 0.438
3 18 0.088 0.463
4 -13 0.113 -0.313
4 -12 0.113 -0.288
4 -11 0.113 -0.263
4 -10 0.113 -0.238
4 -9 0.113 -0.213
4 -8 0.113 -0.188
4 -7 0.113 -0.163
4 -6 0.113 -0.138
4 -5 0.113 -0.113
4 -4 0.113 -0.088
4 -3 0.113 -0.063
4 -2 0.113 -0.038
4 -1 0.113 -0.013
4 0 0.113 0.013
4 1 0.113 0.038
4 2 0.113 0.063
4 3 0.113 0.088
4 4 0.113 0.113
4 5 0.113 0.138
4 6 0.113 0.163
4 7 0.113 0.188
4 8 0.113 0.213
4 9 0.113 0.238
4 10 0.113 0.263
4 11 0.113 0.288
4 12 0.113 0.313
4 13 0.113 0.338
4 14 0.113 0.363
4 15 0.113 0.388
4 16 0.113 0.413
4 17 0.113 0.438
4 18 0.113 0.463
5 -13 0.138 -0.313
5 -12 0.138 -0.288
5 -11 0.138 -0.263
5 -10 0.138 -0.238
5 -9 0.138 -0.213
5 -8 0.138 -0.188
5 -7 0.138 -0.163
5 -6 0.138 -0.138
5 -5 0.138 -0.113
5 -4 0.138 -0.088
5 -3 0.138 -0.063
5 -2 0.138 -0.038
5 -1 0.138 -0.013
5 0 0.138 0.013
5 1 0.138 0.038
5 2 0.138 0.063
5 3 0.138 0.088
5 4 0.138 0.113
5 5 0.138 0.138
5 6 0.138 0.163
5 7 0.138 0.188
5 8 0.138 0.213
5 9 0.138 0.238
5 10 0.138 0.263
5 11 0.138 0.288
5 12 0.138 0.313
5 13 0.138 0.338
5 14 0.138 0.363
5 15 0.138 0.388
5 16 0.138 0.413
5 17 0.138 0.438
6 -13 0.163 -0.313
6 -12 0.163 -0.288
6 -11 0.163 -0.263
6 -10 0.163 -0.238
6 -9 0.163 -0.213
6 -8 0.163 -0.188
6 -7 0.163 -0.163
6 -6 0.163 -0.138
6 -5 0.163 -0.113
6 -4 0.163 -0.088
6 -3 0.163 -0.063
6 -2 0.163 -0.038
6 -1 0.163 -0.013
6 0 0.163 0.013
6 1 0.163 0.038
6 2 0.163 0.063
6 3 0.163 0.088
6 4 0.163 0.113
6 5 0.163 0.138
6 6 0.163 0.163
6 7 0.163 0.188
6 8 0.163 0.213
6 9 0.163 0.238
6 10 0.163 0.263
6 11 0.163 0.288
6 12 0.163 0.313
6 13 0.163 0.338
6 14 0.163 0.363
6 15 0.163 0.388
6 16 0.163 0.413
6 17 0.163 0.438
7 -13 0.188 -0.313
7 -12 0.188 -0.288
7 -11 0.188 -0.263
7 -10 0.188 -0.238
7 -9 0.188 -0.213
7 -8 0.188 -0.188
7 -7 0.188 -0.163
7 -6 0.188 -0.138
7 -5 0.188 -0.113
7 -4 0.188 -0.088
7 -3 0.188 -0.063
7 -2 0.188 -0.038
7 -1 0.188 -0.013
7 0 0.188 0.013
7 1 0.188 0.038
7 2 0.188 0.063
7 3 0.188 0.088
7 4 0.188 0.113
7 5 0.188 0.138
7 6 0.188 0.163
7 7 0.188 0.188
7 8 0.188 0.213
7 9 0.188 0.238
7 10 0.188 0.263
7 11 0.188 0.288
7 12 0.188 0.313
7 13 0.188 0.338
7 14 0.188 0.363
7 15 0.188 0.388
7 16 0.188 0.413
7 17 0.188 0.438
8 -13 0.213 -0.313
8 -12 0.213 -0.288
8 -11 0.213 -0.263
8 -10 0.213 -0.238
8 -9 0.213 -0.213
8 -8 0.213 -0.188
8 -7 0.213 -0.163
8 -6 0.213 -0.138
8 -5 0.213 -0.113
8 -4 0.213 -0.088
8 -3 0.213 -0.063
8 -2 0.213 -0.038
8 -1 0.213 -0.013
8 0 0.213 0.013
8 1 0.213 0.038
8 2 0.213 0.063
8 3 0.213 0.088
8 4 0.213 0.113
8 5 0.213 0.138
8 6 0.213 0.163
8 7 0.213 0.188
8 8 0.213 0.213
8 9 0.213 0.238
8 10 0.213 0.263
8 11 0.213 0.288
8 12 0.213 0.313
8 13 0.213 0.338
8 14 0.213 0.363
8 15 0.213 0.388
8 16 0.213 0.413
8 17 0.213 0.438
9 -13 0.238 -0.313
9 -12 0.238 -0.288
9 -11 0.238 -0.263
9 -10 0.238 -0.238
9 -9 0.238 -0.213
9 -8 0.238 -0.188
9 -7 0.238 -0.163
9 -6 0.238 -0.138
9 -5 0.238 -0.113
9 -4 0.238 -0.088
9 -3 0.238 -0.063
9 -2 0.238 -0.038
9 -1 0.238 -0.013
9 0 0.238 0.013
9 1 0.238 0.038
9 2 0.238 0.063
9 3 0.238 0.088
9 4 0.238 0.113
9 5 0.238 0.138
9 6 0.238 0.163
9 7 0.238 0.188
9 8 0.238 0.213
9 9 0.238 0.238
9 10 0.238 0.263
9 11 0.238 0.288
9 12 0.238 0.313
9 13 0.238 0.338
9 14 0.238 0.363
9 15 0.238 0.388
9 16 0.238 0.413
10 -13 0.263 -0.313
10 -12 0.263 -0.288
10 -11 0.263 -0.263
10 -10 0.263 -0.238
10 -9 0.263 -0.213
10 -8 0.263 -0.188
10 -7 0.263 -0.163
10 -6 0.263 -0.138
10 -5 0.263 -0.113
10 -4 0.263 -0.088
10 -3 0.263 -0.063
10 -2 0.263 -0.038
10 -1 0.263 -0.013
10 0 0.263 0.013
10 1 0.263 0.038
10 2 0.263 0.063
10 3 0.263 0.088
10 4 0.263 0.113
10 5 0.263 0.138
10 6 0.263 0.163
10 7 0.263 0.188
10 8 0.263 0.213
10 9 0.263 0.238
10 10 0.263 0.263
10 11 0.263 0.288
10 12 0.263 0.313
10 13 0.263 0.338
10 14 0.263 0.363
10 15 0.263 0.388
10 16 0.263 0.413
11 -13 0.288 -0.313
11 -12 0.288 -0.288
11 -11 0.288 -0.263
11 -10 0.288 -0.238
11 -9 0.288 -0.213
11 -8 0.288 -0.188
11 -7 0.288 -0.163
11 -6 0.288 -0.138
11 -5 0.288 -0.113
11 -4 0.288 -0.088
11 -3 0.288 -0.063
11 -2 0.288 -0.038
11 -1 0.288 -0.013
11 0 0.288 0.013
11 1 0.288 0.038
11 2 0.288 0.063
11 3 0.288 0.088
11 4 0.288 0.113
11 5 0.288 0.138
11 6 0.288 0.163
11 7 0.288 0.188
11 8 0.288 0.213
11 9 0.288 0.238
11 10 0.288 0.263
11 11 0.288 0.288
11 12 0.288 0.313
11 13 0.288 0.338
11 14 0.288 0.363
11 15 0.288 0.388
11 16 0.288 0.413
12 -13 0.313 -0.313
12 -12 0.313 -0.288
12 -11 0.313 -0.263
12 -10 0.313 -0.238
12 -9 0.313 -0.213
12 -8 0.313 -0.188
12 -7 0.313 -0.163
12 -6 0.313 -0.138
12 -5 0.313 -0.113
12 -4 0.313 -0.088
12 -3 0.313 -0.063
12 -2 0.313 -0.038
12 -1 0.313 -0.013
12 0 0.313 0.013
12 1 0.313 0.038
12 2 0.313 0.063
12 3 0.313 0.088
12 4 0.313 0.113
12 5 0.313 0.138
12 6 0.313 0.163
12 7 0.313 0.188
12 8 0.313 0.213
12 9 0.313 0.238
12 10 0.313 0.263
12 11 0.313 0.288
12 12 0.313 0.313
12 13 0.313 0.338
12 14 0.313 0.363
12 15 0.313 0.388
12 16 0.313 0.413
13 -13 0.338 -0.313
13 -12 0.338 -0.288
13 -11 0.338 -0.263
13 -10 0.338 -0.238
13 -9 0.338 -0.213
13 -8 0.338 -0.188
13 -7 0.338 -0.163
13 -6 0.338 -0.138
13 -5 0.338 -0.113
13 -4 0.338 -0.088
13 -3 0.338 -0.063
13 -2 0.338 -0.038
13 -1 0.338 -0.013
13 0 0.338 0.013
13 1 0.338 0.038
13 2 0.338 0.063
13 3 0.338 0.088
13 4 0.338 0.113
13 5 0.338 0.138
13 6 0.338 0.163
13 7 0.338 0.188
13 8 0.338 0.213
13 9 0.338 0.238
13 10 0.338 0.263
13 11 0.338 0.288
13 12 0.338 0.313
13 13 0.338 0.338
13 14 0.338 0.363
13 15 0.338 0.388
14 -13 0.363 -0.313
14 -12 0.363 -0.288
14 -11 0.363 -0.263
14 -10 0.363 -0.238
14 -9 0.363 -0.213
14 -8 0.363 -0.188
14 -7 0.363 -0.163
14 -6 0.363 -0.138
14 -5 0.363 -0.113
14 -4 0.363 -0.088
14 -3 0.363 -0.063
14 -2 0.363 -0.038
14 -1 0.363 -0.013
14 0 0.363 0.013
14 1 0.363 0.038
14 2 0.363 0.063
14 3 0.363 0.088
14 4 0.363 0.113
14 5 0.363 0.138
14 6 0.363 0.163
14 7 0.363 0.188
14 8 0.363 0.213
14 9 0.363 0.238
14 10 0.363 0.263
14 11 0.363 0.288
14 12 0.363 0.313
14 13 0.363 0.338
14 14 0.363 0.363
14 15 0.363 0.388
15 -13 0.388 -0.313
15 -12 0.388 -0.288
15 -11 0.388 -0.263
15 -10 0.388 -0.238
15 -9 0.388 -0.213
15 -8 0.388 -0.188
15 -7 0.388 -0.163
15 -6 0.388 -0.138
15 -5 0.388 -0.113
15 -4 0.388 -0.088
15 -3 0.388 -0.063
15 -2 0.388 -0.038
15 -1 0.388 -0.013
15 0 0.388 0.013
15 1 0.388 0.038
15 2 0.388 0.063
15 3 0.388 0.088
15 4 0.388 0.113
15 5 0.388 0.138
15 6 0.388 0.163
15 7 0.388 0.188
15 8 0.388 0.213
15 9 0.388 0.238
15 10 0.388 0.263
15 11 0.388 0.288
15 12 0.388 0.313
15 13 0.388 0.338
15 14 0.388 0.363
15 15 0.388 0.388
16 -13 0.413 -0.313
16 -12 0.413 -0.288
16 -11 0.413 -0.263
16 -10 0.413 -0.238
16 -9 0.413 -0.213
16 -8 0.413 -0.188
16 -7 0.413 -0.163
16 -6 0.413 -0.138
16 -5 0.413 -0.113
16 -4 0.413 -0.088
16 -3 0.413 -0.063
16 -2 0.413 -0.038
16 -1 0.413 -0.013
16 0 0.413 0.013
16 1 0.413 0.038
16 2 0.413 0.063
16 3 0.413 0.088
16 4 0.413 0.113
16 5 0.413 0.138
16 6 0.413 0.163
16 7 0.413 0.188
16 8 0.413 0.213
16 9 0.413 0.238
16 10 0.413 0.263
16 11 0.413 0.288
16 12 0.413 0.313
16 13 0.413 0.338
16 14 0.413 0.363
16 15 0.413 0.388
17 -13 0.438 -0.313
17 -12 0.438 -0.288
17 -11 0.438 -0.263
17 -10 0.438 -0.238
17 -9 0.438 -0.213
17 -8 0.438 -0.188
17 -7 0.438 -0.163
17 -6 0.438 -0.138
17 -5 0.438 -0.113
17 -4 0.438 -0.088
17 -3 0.438 -0.063
17 -2 0.438 -0.038
17 -1 0.438 -0.013
17 0 0.438 0.013
17 1 0.438 0.038
17 2 0.438 0.063
17 3 0.438 0.088
17 4 0.438 0.113
17 5 0.438 0.138
17 6 0.438 0.163
17 7 0.438 0.188
17 8 0.438 0.213
17 9 0.438 0.238
17 10 0.438 0.263
17 11 0.438 0.288
17 12 0.438 0.313
17 13 0.438 0.338
17 14 0.438 0.363
18 -13 0.463 -0.313
18 -12 0.463 -0.288
18 -11 0.463 -0.263
18 -10 0.463 -0.238
18 -9 0.463 -0.213
18 -8 0.463 -0.188
18 -7 0.463 -0.163
18 -6 0.463 -0.138
18 -5 0.463 -0.113
18 -4 0.463 -0.088
18 -3 0.463 -0.063
18 -2 0.463 -0.038
18 -1 0.463 -0.013
18 0 0.463 0.013
18 1 0.463 0.038
18 2 0.463 0.063
18 3 0.463 0.088
18 4 0.463 0.113
18 5 0.463 0.138
18 6 0.463 0.163
18 7 0.463 0.188
18 8 0.463 0.213
18 9 0.463 0.238
18 10 0.463 0.263
18 11 0.463 0.288
18 12 0.463 0.313
18 13 0.463 0.338
18 14 0.463 0.363
19 -13 0.488 -0.313
19 -12 0.488 -0.288
19 -11 0.488 -0.263
19 -10 0.488 -0.238
19 -9 0.488 -0.213
19 -8 0.488 -0.188
19 -7 0.488 -0.163
19 -6 0.488 -0.138
19 -5 0.488 -0.113
19 -4 0.488 -0.088
19 -3 0.488 -0.063
19 -2 0.488 -0.038
19 -1 0.488 -0.013
19 0 0.488 0.013
19 1 0.488 0.038
19 2 0.488 0.063
19 3 0.488 0.088
19 4 0.488 0.113
19 5 0.488 0.138
19 6 0.488 0.163
19 7 0.488 0.188
19 8 0.488 0.213
19 9 0.488 0.238
19 10 0.488 0.263
19 11 0.488 0.288
19 12 0.488 0.313
19 13 0.488 0.338
19 14 0.488 0.363
20 -13 0.513 -0.313
20 -12 0.513 -0.288
20 -11 0.513 -0.263
20 -10 0.513 -0.238
20 -9 0.513 -0.213
20 -8 0.513 -0.188
20 -7 0.513 -0.163
20 -6 0.513 -0.138
20 -5 0.513 -0.113
20 -4 0.513 -0.088
20 -3 0.513 -0.063
20 -2 0.513 -0.038
20 -1 0.513 -0.013
20 0 0.513 0.013
20 1 0.513 0.038
20 2 0.513 0.063
20 3 0.513 0.088
20 4 0.513 0.113
20 5 0.513 0.138
20 6 0.513 0.163
20 7 0.513 0.188
20 8 0.513 0.213
20 9 0.513 0.238
20 10 0.513 0.263
20 11 0.513 0.288
20 12 0.513 0.313
20 13 0.513 0.338
20 14 0.513 0.363
21 -13 0.538 -0.313
21 -12 0.538 -0.288
21 -11 0.538 -0.263
21 -10 0.538 -0.238
21 -9 0.538 -0.213
21 -8 0.538 -0.188
21 -7 0.538 -0.163
21 -6 0.538 -0.138
21 -5 0.538 -0.113
21 -4 0.538 -0.088
21 -3 0.538 -0.063
21 -2 0.538 -0.038
21 -1 0.538 -0.013
21 0 0.538 0.013
21 1 0.538 0.038
21 2 0.538 0.063
21 3 0.538 0.088
21 4 0.538 0.113
21 5 0.538 0.138
21 6 0.538 0.163
21 7 0.538 0.188
21 8 0.538 0.213
21 9 0.538 0.238
21 10 0.538 0.263
21 11 0.538 0.288
21 12 0.538 0.313
21 13 0.538 0.338
-13 27 -0.313 0.688
-13 28 -0.313 0.713
-13 29 -0.313 0.738
-13 30 -0.313 0.763
-13 31 -0.313 0.788
-13 32 -0.313 0.813
-13 33 -0.313 0.838
-13 34 -0.313 0.863
-13 35 -0.313 0.888
-13 36 -0.313 0.913
-13 37 -0.313 0.938
-13 38 -0.313 0.963
-13 39 -0.313 0.988
-13 40 -0.313 1.013
-13 41 -0.313 1.038
-13 42 -0.313 1.063
-13 43 -0.313 1.088
-13 44 -0.313 1.113
-13 45 -0.313 1.138
-13 46 -0.313 1.163
-13 47 -0.313 1.188
-13 48 -0.313 1.213
-13 49 -0.313 1.238
-13 50 -0.313 1.263
-13 51 -0.313 1.288
-13 52 -0.313 1.313
-13 53 -0.313 1.338
-13 54 -0.313 1.363
-12 27 -0.288 0.688
-12 28 -0.288 0.713
-12 29 -0.288 0.738
-12 30 -0.288 0.763
-12 31 -0.288 0.788
-12 32 -0.288 0.813
-12 33 -0.288 0.838
-12 34 -0.288 0.863
-12 35 -0.288 0.888
-12 36 -0.288 0.913
-12 37 -0.288 0.938
-12 38 -0.288 0.963
-12 39 -0.288 0.988
-12 40 -0.288 1.013
-12 41 -0.288 1.038
-12 42 -0.288 1.063
-12 43 -0.288 1.088
-12 44 -0.288 1.113
-12 45 -0.288 1.138
-12 46 -0.288 1.163
-12 47 -0.288 1.188
-12 48 -0.288 1.213
-12 49 -0.288 1.238
-12 50 -0.288 1.263
-12 51 -0.288 1.288
-12 52 -0.288 1.313
-12 53 -0.288 1.338
-12 54 -0.288 1.363
-11 27 -0.263 0.688
-11 28 -0.263 0.713
-11 29 -0.263 0.738
-11 30 -0.263 0.763
-11 31 -0.263 0.788
-11 32 -0.263 0.813
-11 33 -0.263 0.838
-11 34 -0.263 0.863
-11 35 -0.263 0.888
-11 36 -0.263 0.913
-11 37 -0.263 0.938
-11 38 -0.263 0.963
-11 39 -0.263 0.988
-11 40 -0.263 1.013
-11 41 -0.263 1.038
-11 42 -0.263 1.063
-11 43 -0.263 1.088
-11 44 -0.263 1.113
-11 45 -0.263 1.138
-11 46 -0.263 1.163
-11 47 -0.263 1.188
-11 48 -0.263 1.213
-11 49 -0.263 1.238
-11 50 -0.263 1.263
-11 51 -0.263 1.288
-11 52 -0.263 1.313
-11 53 -0.263 1.338
-11 54 -0.263 1.363
-10 27 -0.238 0.688
-10 28 -0.238 0.713
-10 29 -0.238 0.738
-10 30 -0.238 0.763
-10 31 -0.238 0.788
-10 32 -0.238 0.813
-10 33 -0.238 0.838
-10 34 -0.238 0.863
-10 35 -0.238 0.888
-10 36 -0.238 0.913
-10 37 -0.238 0.938
-10 38 -0.238 0.963
-10 39 -0.238 0.988
-10 40 -0.238 1.013
-10 41 -0.238 1.038
-10 42 -0.238 1.063
-10 43 -0.238 1.088
-10 44 -0.238 1.113
-10 45 -0.238 1.138
-10 46 -0.238 1.163
-10 47 -0.238 1.188
-10 48 -0.238 1.213
-10 49 -0.238 1.238
-10 50 -0.238 1.263
-10 51 -0.238 1.288
-10 52 -0.238 1.313
-10 53 -0.238 1.338
-10 54 -0.238 1.363
-10 55 -0.238 1.388
-9 27 -0.213 0.688
-9 28 -0.213 0.713
-9 29 -0.213 0.738
-9 30 -0.213 0.763
-9 31 -0.213 0.788
-9 32 -0.213 0.813
-9 33 -0.213 0.838
-9 34 -0.213 0.863
-9 35 -0.213 0.888
-9 36 -0.213 0.913
-9 37 -0.213 0.938
-9 38 -0.213 0.963
-9 39 -0.213 0.988
-9 40 -0.213 1.013
-9 41 -0.213 1.038
-9 42 -0.213 1.063
-9 43 -0.213 1.088
-9 44 -0.213 1.113
-9 45 -0.213 1.138
-9 46 -0.213 1.163
-9 47 -0.213 1.188
-9 48 -0.213 1.213
-9 49 -0.213 1.238
-9 50 -0.213 1.263
-9 51 -0.213 1.288
-9 52 -0.213 1.313
-9 53 -0.213 1.338
-9 54 -0.213 1.363
-9 55 -0.213 1.388
-8 27 -0.188 0.688
-8 28 -0.188 0.713
-8 29 -0.188 0.738
-8 30 -0.188 0.763
-8 31 -0.188 0.788
-8 32 -0.188 0.813
-8 33 -0.188 0.838
-8 34 -0.188 0.863
-8 35 -0.188 0.888
-8 36 -0.188 0.913
-8 37 -0.188 0.938
-8 38 -0.188 0.963
-8 39 -0.188 0.988
-8 40 -0.188 1.013
-8 41 -0.188 1.038
-8 42 -0.188 1.063
-8 43 -0.188 1.088
-8 44 -0.188 1.113
-8 45 -0.188 1.138
-8 46 -0.188 1.163
-8 47 -0.188 1.188
-8 48 -0.188 1.213
-8 49 -0.188 1.238
-8 50 -0.188 1.263
-8 51 -0.188 1.288
-8 52 -0.188 1.313
-8 53 -0.188 1.338
-8 54 -0.188 1.363
-8 55 -0.188 1.388
-8 56 -0.188 1.413
-7 27 -0.163 0.688
-7 28 -0.163 0.713
-7 29 -0.163 0.738
-7 30 -0.163 0.763
-7 31 -0.163 0.788
-7 32 -0.163 0.813
-7 33 -0.163 0.838
-7 34 -0.163 0.863
-7 35 -0.163 0.888
-7 36 -0.163 0.913
-7 37 -0.163 0.938
-7 38 -0.163 0.963
-7 39 -0.163 0.988
-7 40 -0.163 1.013
-7 41 -0.163 1.038
-7 42 -0.163 1.063
-7 43 -0.163 1.088
-7 44 -0.163 1.113
-7 45 -0.163 1.138
-7 46 -0.163 1.163
-7 47 -0.163 1.188
-7 48 -0.163 1.213
-7 49 -0.163 1.238
-7 50 -0.163 1.263
-7 51 -0.163 1.288
-7 52 -0.163 1.313
-7 53 -0.163 1.338
-7 54 -0.163 1.363
-7 55 -0.163 1.388
-7 56 -0.163 1.413
-6 27 -0.138 0.688
-6 28 -0.138 0.713
-6 29 -0.138 0.738
-6 30 -0.138 0.763
-6 31 -0.138 0.788
-6 32 -0.138 0.813
-6 33 -0.138 0.838
-6 34 -0.138 0.863
-6 35 -0.138 0.888
-6 36 -0.138 0.913
-6 37 -0.138 0.938
-6 38 -0.138 0.963
-6 39 -0.138 0.988
-6 40 -0.138 1.013
-6 41 -0.138 1.038
-6 42 -0.138 1.063
-6 43 -0.138 1.088
-6 44 -0.138 1.113
-6 45 -0.138 1.138
-6 46 -0.138 1.163
-6 47 -0.138 1.188
-6 48 -0.138 1.213
-6 49 -0.138 1.238
-6 50 -0.138 1.263
-6 51 -0.138 1.288
-6 52 -0.138 1.313
-6 53 -0.138 1.338
-6 54 -0.138 1.363
-6 55 -0.138 1.388
-6 56 -0.138 1.413
-5 27 -0.113 0.688
-5 28 -0.113 0.713
-5 29 -0.113 0.738
-5 30 -0.113 0.763
-5 31 -0.113 0.788
-5 32 -0.113 0.813
-5 33 -0.113 0.838
-5 34 -0.113 0.863
-5 35 -0.113 0.888
-5 36 -0.113 0.913
-5 37 -0.113 0.938
-5 38 -0.113 0.963
-5 39 -0.113 0.988
-5 40 -0.113 1.013
-5 41 -0.113 1.038
-5 42 -0.113 1.063
-5 43 -0.113 1.088
-5 44 -0.113 1.113
-5 45 -0.113 1.138
-5 46 -0.113 1.163
-5 47 -0.113 1.188
-5 48 -0.113 1.213
-5 49 -0.113 1.238
-5 50 -0.113 1.263
-5 51 -0.113 1.288
-5 52 -0.113 1.313
-5 53 -0.113 1.338
-5 54 -0.113 1.363
-5 55 -0.113 1.388
-5 56 -0.113 1.413
-5 57 -0.113 1.438
-4 27 -0.088 0.688
-4 28 -0.088 0.713
-4 29 -0.088 0.738
-4 30 -0.088 0.763
-4 31 -0.088 0.788
-4 32 -0.088 0.813
-4 33 -0.088 0.838
-4 34 -0.088 0.863
-4 35 -0.088 0.888
-4 36 -0.088 0.913
-4 37 -0.088 0.938
-4 38 -0.088 0.963
-4 39 -0.088 0.988
-4 40 -0.088 1.013
-4 41 -0.088 1.038
-4 42 -0.088 1.063
-4 43 -0.088 1.088
-4 44 -0.088 1.113
-4 45 -0.088 1.138
-4 46 -0.088 1.163
-4 47 -0.088 1.188
-4 48 -0.088 1.213
-4 49 -0.088 1.238
-4 50 -0.088 1.263
-4 51 -0.088 1.288
-4 52 -0.088 1.313
-4 53 -0.088 1.338
-4 54 -0.088 1.363
-4 55 -0.088 1.388
-4 56 -0.088 1.413
-4 57 -0.088 1.438
-3 27 -0.063 0.688
-3 28 -0.063 0.713
-3 29 -0.063 0.738
-3 30 -0.063 0.763
-3 31 -0.063 0.788
-3 32 -0.063 0.813
-3 33 -0.063 0.838
-3 34 -0.063 0.863
-3 35 -0.063 0.888
-3 36 -0.063 0.913
-3 37 -0.063 0.938
-3 38 -0.063 0.963
-3 39 -0.063 0.988
-3 40 -0.063 1.013
-3 41 -0.063 1.038
-3 42 -0.063 1.063
-3 43 -0.063 1.088
-3 44 -0.063 1.113
-3 45 -0.063 1.138
-3 46 -0.063 1.163
-3 47 -0.063 1.188
-3 48 -0.063 1.213
-3 49 -0.063 1.238
-3 50 -0.063 1.263
-3 51 -0.063 1.288
-3 52 -0.063 1.313
-3 53 -0.063 1.338
-3 54 -0.063 1.363
-3 55 -0.063 1.388
-3 56 -0.063 1.413
-3 57 -0.063 1.438
-3 58 -0.063 1.463
-2 27 -0.038 0.688
-2 28 -0.038 0.713
-2 29 -0.038 0.738
-2 30 -0.038 0.763
-2 31 -0.038 0.788
-2 32 -0.038 0.813
-2 33 -0.038 0.838
-2 34 -0.038 0.863
-2 35 -0.038 0.888
-2 36 -0.038 0.913
-2 37 -0.038 0.938
-2 38 -0.038 0.963
-2 39 -0.038 0.988
-2 40 -0.038 1.013
-2 41 -0.038 1.038
-2 42 -0.038 1.063
-2 43 -0.038 1.088
-2 44 -0.038 1.113
-2 45 -0.038 1.138
-2 46 -0.038 1.163
-2 47 -0.038 1.188
-2 48 -0.038 1.213
-2 49 -0.038 1.238
-2 50 -0.038 1.263
-2 51 -0.038 1.288
-2 52 -0.038 1.313
-2 53 -0.038 1.338
-2 54 -0.038 1.363
-2 55 -0.038 1.388
-2 56 -0.038 1.413
-2 57 -0.038 1.438
-2 58 -0.038 1.463
-1 27 -0.013 0.688
-1 28 -0.013 0.713
-1 29 -0.013 0.738
-1 30 -0.013 0.763
-1 31 -0.013 0.788
-1 32 -0.013 0.813
-1 33 -0.013 0.838
-1 34 -0.013 0.863
-1 35 -0.013 0.888
-1 36 -0.013 0.913
-1 37 -0.013 0.938
-1 38 -0.013 0.963
-1 39 -0.013 0.988
-1 40 -0.013 1.013
-1 41 -0.013 1.038
-1 42 -0.013 1.063
-1 43 -0.013 1.088
-1 44 -0.013 1.113
-1 45 -0.013 1.138
-1 46 -0.013 1.163
-1 47 -0.013 1.188
-1 48 -0.013 1.213
-1 49 -0.013 1.238
-1 50 -0.013 1.263
-1 51 -0.013 1.288
-1 52 -0.013 1.313
-1 53 -0.013 1.338
-1 54 -0.013 1.363
-1 55 -0.013 1.388
-1 56 -0.013 1.413
-1 57 -0.013 1.438
-1 58 -0.013 1.463
-1 59 -0.013 1.488
0 27 0.013 0.688
0 28 0.013 0.713
0 29 0.013 0.738
0 30 0.013 0.763
0 31 0.013 0.788
0 32 0.013 0.813
0 33 0.013 0.838
0 34 0.013 0.863
0 35 0.013 0.888
0 36 0.013 0.913
0 37 0.013 0.938
0 38 0.013 0.963
0 39 0.013 0.988
0 40 0.013 1.013
0 41 0.013 1.038
0 42 0.013 1.063
0 43 0.013 1.088
0 44 0.013 1.113
0 45 0.013 1.138
0 46 0.013 1.163
0 47 0.013 1.188
0 48 0.013 1.213
0 49 0.013 1.238
0 50 0.013 1.263
0 51 0.013 1.288
0 52 0.013 1.313
0 53 0.013 1.338
0 54 0.013 1.363
0 55 0.013 1.388
0 56 0.013 1.413
0 57 0.013 1.438
0 58 0.013 1.463
0 59 0.013 1.488
1 27 0.038 0.688
1 28 0.038 0.713
1 29 0.038 0.738
1 30 0.038 0.763
1 31 0.038 0.788
1 32 0.038 0.813
1 33 0.038 0.838
1 34 0.038 0.863
1 35 0.038 0.888
1 36 0.038 0.913
1 37 0.038 0.938
1 38 0.038 0.963
1 39 0.038 0.988
1 40 0.038 1.013
1 41 0.038 1.038
1 42 0.038 1.063
1 43 0.038 1.088
1 44 0.038 1.113
1 45 0.038 1.138
1 46 0.038 1.163
1 47 0.038 1.188
1 48 0.038 1.213
1 49 0.038 1.238
1 50 0.038 1.263
1 51 0.038 1.288
1 52 0.038 1.313
1 53 0.038 1.338
1 54 0.038 1.363
1 55 0.038 1.388
1 56 0.038 1.413
1 57 0.038 1.438
1 58 0.038 1.463
2 27 0.063 0.688
2 28 0.063 0.713
2 29 0.063 0.738
2 30 0.063 0.763
2 31 0.063 0.788
2 32 0.063 0.813
2 33 0.063 0.838
2 34 0.063 0.863
2 35 0.063 0.888
2 36 0.063 0.913
2 37 0.063 0.938
2 38 0.063 0.963
2 39 0.063 0.988
2 40 0.063 1.013
2 41 0.063 1.038
2 42 0.063 1.063
2 43 0.063 1.088
2 44 0.063 1.113
2 45 0.063 1.138
2 46 0.063 1.163
2 47 0.063 1.188
2 48 0.063 1.213
2 49 0.063 1.238
2 50 0.063 1.263
2 51 0.063 1.288
2 52 0.063 1.313
2 53 0.063 1.338
2 54 0.063 1.363
2 55 0.063 1.388
2 56 0.063 1.413
2 57 0.063 1.438
2 58 0.063 1.463
3 27 0.088 0.688
3 28 0.088 0.713
3 29 0.088 0.738
3 30 0.088 0.763
3 31 0.088 0.788
3 32 0.088 0.813
3 33 0.088 0.838
3 34 0.088 0.863
3 35 0.088 0.888
3 36 0.088 0.913
3 37 0.088 0.938
3 38 0.088 0.963
3 39 0.088 0.988
3 40 0.088 1.013
3 41 0.088 1.038
3 42 0.088 1.063
3 43 0.088 1.088
3 44 0.088 1.113
3 45 0.088 1.138
3 46 0.088 1.163
3 47 0.088 1.188
3 48 0.088 1.213
3 49 0.088 1.238
3 50 0.088 1.263
3 51 0.088 1.288
3 52 0.088 1.313
3 53 0.088 1.338
3 54 0.088 1.363
3 55 0.088 1.388
3 56 0.088 1.413
3 57 0.088 1.438
3 58 0.088 1.463
4 27 0.113 0.688
4 28 0.113 0.713
4 29 0.113 0.738
4 30 0.113 0.763
4 31 0.113 0.788
4 32 0.113 0.813
4 33 0.113 0.838
4 34 0.113 0.863
4 35 0.113 0.888
4 36 0.113 0.913
4 37 0.113 0.938
4 38 0.113 0.963
4 39 0.113 0.988
4 40 0.113 1.013
4 41 0.113 1.038
4 42 0.113 1.063
4 43 0.113 1.088
4 44 0.113 1.113
4 45 0.113 1.138
4 46 0.113 1.163
4 47 0.113 1.188
4 48 0.113 1.213
4 49 0.113 1.238
4 50 0.113 1.263
4 51 0.113 1.288
4 52 0.113 1.313
4 53 0.113 1.338
4 54 0.113 1.363
4 55 0.113 1.388
4 56 0.113 1.413
4 57 0.113 1.438
5 27 0.138 0.688
5 28 0.138 0.713
5 29 0.138 0.738
5 30 0.138 0.763
5 31 0.138 0.788
5 32 0.138 0.813
5 33 0.138 0.838
5 34 0.138 0.863
5 35 0.138 0.888
5 36 0.138 0.913
5 37 0.138 0.938
5 38 0.138 0.963
5 39 0.138 0.988
5 40 0.138 1.013
5 41 0.138 1.038
5 42 0.138 1.063
5 43 0.138 1.088
5 44 0.138 1.113
5 45 0.138 1.138
5 46 0.138 1.163
5 47 0.138 1.188
5 48 0.138 1.213
5 49 0.138 1.238
5 50 0.138 1.263
5 51 0.138 1.288
5 52 0.138 1.313
5 53 0.138 1.338
5 54 0.138 1.363
5 55 0.138 1.388
5 56 0.138 1.413
5 57 0.138 1.438
6 27 0.163 0.688
6 28 0.163 0.713
6 29 0.163 0.738
6 30 0.163 0.763
6 31 0.163 0.788
6 32 0.163 0.813
6 33 0.163 0.838
6 34 0.163 0.863
6 35 0.163 0.888
6 36 0.163 0.913
6 37 0.163 0.938
6 38 0.163 0.963
6 39 0.163 0.988
6 40 0.163 1.013
6 41 0.163 1.038
6 42 0.163 1.063
6 43 0.163 1.088
6 44 0.163 1.113
6 45 0.163 1.138
6 46 0.163 1.163
6 47 0.163 1.188
6 48 0.163 1.213
6 49 0.163 1.238
6 50 0.163 1.263
6 51 0.163 1.288
6 52 0.163 1.313
6 53 0.163 1.338
6 54 0.163 1.363
6 55 0.163 1.388
6 56 0.163 1.413
7 27 0.188 0.688
7 28 0.188 0.713
7 29 0.188 0.738
7 30 0.188 0.763
7 31 0.188 0.788
7 32 0.188 0.813
7 33 0.188 0.838
7 34 0.188 0.863
7 35 0.188 0.888
7 36 0.188 0.913
7 37 0.188 0.938
7 38 0.188 0.963
7 39 0.188 0.988
7 40 0.188 1.013
7 41 0.188 1.038
7 42 0.188 1.063
7 43 0.188 1.088
7 44 0.188 1.113
7 45 0.188 1.138
7 46 0.188 1.163
7 47 0.188 1.188
7 48 0.188 1.213
7 49 0.188 1.238
7 50 0.188 1.263
7 51 0.188 1.288
7 52 0.188 1.313
7 53 0.188 1.338
7 54 0.188 1.363
7 55 0.188 1.388
7 56 0.188 1.413
8 27 0.213 0.688
8 28 0.213 0.713
8 29 0.213 0.738
8 30 0.213 0.763
8 31 0.213 0.788
8 32 0.213 0.813
8 33 0.213 0.838
8 34 0.213 0.863
8 35 0.213 0.888
8 36 0.213 0.913
8 37 0.213 0.938
8 38 0.213 0.963
8 39 0.213 0.988
8 40 0.213 1.013
8 41 0.213 1.038
8 42 0.213 1.063
8 43 0.213 1.088
8 44 0.213 1.113
8 45 0.213 1.138
8 46 0.213 1.163
8 47 0.213 1.188
8 48 0.213 1.213
8 49 0.213 1.238
8 50 0.213 1.263
8 51 0.213 1.288
8 52 0.213 1.313
8 53 0.213 1.338
8 54 0.213 1.363
8 55 0.213 1.388
8 56 0.213 1.413
9 27 0.238 0.688
9 28 0.238 0.713
9 29 0.238 0.738
9 30 0.238 0.763
9 31 0.238 0.788
9 32 0.238 0.813
9 33 0.238 0.838
9 34 0.238 0.863
9 35 0.238 0.888
9 36 0.238 0.913
9 37 0.238 0.938
9 38 0.238 0.963
9 39 0.238 0.988
9 40 0.238 1.013
9 41 0.238 1.038
9 42 0.238 1.063
9 43 0.238 1.088
9 44 0.238 1.113
9 45 0.238 1.138
9 46 0.238 1.163
9 47 0.238 1.188
9 48 0.238 1.213
9 49 0.238 1.238
9 50 0.238 1.263
9 51 0.238 1.288
9 52 0.238 1.313
9 53 0.238 1.338
9 54 0.238 1.363
9 55 0.238 1.388
10 27 0.263 0.688
10 28 0.263 0.713
10 29 0.263 0.738
10 30 0.263 0.763
10 31 0.263 0.788
10 32 0.263 0.813
10 33 0.263 0.838
10 34 0.263 0.863
10 35 0.263 0.888
10 36 0.263 0.913
10 37 0.263 0.938
10 38 0.263 0.963
10 39 0.263 0.988
10 40 0.263 1.013
10 41 0.263 1.038
10 42 0.263 1.063
10 43 0.263 1.088
10 44 0.263 1.113
10 45 0.263 1.138
10 46 0.263 1.163
10 47 0.263 1.188
10 48 0.263 1.213
10 49 0.263 1.238
10 50 0.263 1.263
10 51 0.263 1.288
10 52 0.263 1.313
10 53 0.263 1.338
10 54 0.263 1.363
10 55 0.263 1.388
11 27 0.288 0.688
11 28 0.288 0.713
11 29 0.288 0.738
11 30 0.288 0.763
11 31 0.288 0.788
11 32 0.288 0.813
11 33 0.288 0.838
11 34 0.288 0.863
11 35 0.288 0.888
11 36 0.288 0.913
11 37 0.288 0.938
11 38 0.288 0.963
11 39 0.288 0.988
11 40 0.288 1.013
11 41 0.288 1.038
11 42 0.288 1.063
11 43 0.288 1.088
11 44 0.288 1.113
11 45 0.288 1.138
11 46 0.288 1.163
11 47 0.288 1.188
11 48 0.288 1.213
11 49 0.288 1.238
11 50 0.288 1.263
11 51 0.288 1.288
11 52 0.288 1.313
11 53 0.288 1.338
11 54 0.288 1.363
12 27 0.313 0.688
12 28 0.313 0.713
12 29 0.313 0.738
12 30 0.313 0.763
12 31 0.313 0.788
12 32 0.313 0.813
12 33 0.313 0.838
12 34 0.313 0.863
12 35 0.313 0.888
12 36 0.313 0.913
12 37 0.313 0.938
12 38 0.313 0.963
12 39 0.313 0.988
12 40 0.313 1.013
12 41 0.313 1.038
12 42 0.313 1.063
12 43 0.313 1.088
12 44 0.313 1.113
12 45 0.313 1.138
12 46 0.313 1.163
12 47 0.313 1.188
12 48 0.313 1.213
12 49 0.313 1.238
12 50 0.313 1.263
12 51 0.313 1.288
12 52 0.313 1.313
12 53 0.313 1.338
12 54 0.313 1.363
13 27 0.338 0.688
13 28 0.338 0.713
13 29 0.338 0.738
13 30 0.338 0.763
13 31 0.338 0.788
13 32 0.338 0.813
13 33 0.338 0.838
13 34 0.338 0.863
13 35 0.338 0.888
13 36 0.338 0.913
13 37 0.338 0.938
13 38 0.338 0.963
13 39 0.338 0.988
13 40 0.338 1.013
13 41 0.338 1.038
13 42 0.338 1.063
13 43 0.338 1.088
13 44 0.338 1.113
13 45 0.338 1.138
13 46 0.338 1.163
13 47 0.338 1.188
13 48 0.338 1.213
13 49 0.338 1.238
13 50 0.338 1.263
13 51 0.338 1.288
13 52 0.338 1.313
13 53 0.338 1.338
13 54 0.338 1.363
-21 14 -0.513 0.363
-19 15 -0.463 0.388
-18 15 -0.438 0.388
-15 16 -0.363 0.413
-14 16 -0.338 0.413
-11 17 -0.263 0.438
-10 17 -0.238 0.438
-7 18 -0.163 0.463
-6 18 -0.138 0.463
-4 19 -0.088 0.488
-3 19 -0.063 0.488
-2 19 -0.038 0.488
1 19 0.038 0.488
2 19 0.063 0.488
3 19 0.088 0.488
5 18 0.138 0.463
6 18 0.163 0.463
7 18 0.188 0.463
9 17 0.238 0.438
10 17 0.263 0.438
11 17 0.288 0.438
13 16 0.338 0.413
14 16 0.363 0.413
15 16 0.388 0.413
17 15 0.438 0.388
18 15 0.463 0.388
19 15 0.488 0.388
21 14 0.538 0.363
-12 55 -0.288 1.388
-11 55 -0.263 1.388
-9 56 -0.213 1.413
-7 57 -0.163 1.438
-6 57 -0.138 1.438
-5 58 -0.113 1.463
-4 58 -0.088 1.463
-2 59 -0.038 1.488
1 59 0.038 1.488
2 59 0.063 1.488
4 58 0.113 1.463
6 57 0.163 1.438
7 57 0.188 1.438
9 56 0.238 1.413
11 55 0.288 1.388
12 55 0.313 1.388
-21 15 -0.513 0.388
-20 15 -0.488 0.388
-19 16 -0.463 0.413
-18 16 -0.438 0.413
-17 16 -0.413 0.413
-16 16 -0.388 0.413
-15 17 -0.363 0.438
-14 17 -0.338 0.438
-13 17 -0.313 0.438
-12 17 -0.288 0.438
-11 18 -0.263 0.463
-10 18 -0.238 0.463
-9 18 -0.213 0.463
-8 18 -0.188 0.463
-7 19 -0.163 0.488
-6 19 -0.138 0.488
-5 19 -0.113 0.488
-4 20 -0.088 0.513
-3 20 -0.063 0.513
-2 20 -0.038 0.513
-1 20 -0.013 0.513
0 20 0.013 0.513
1 20 0.038 0.513
2 20 0.063 0.513
3 20 0.088 0.513
4 19 0.113 0.488
5 19 0.138 0.488
6 19 0.163 0.488
7 19 0.188 0.488
8 18 0.213 0.463
9 18 0.238 0.463
10 18 0.263 0.463
11 18 0.288 0.463
12 17 0.313 0.438
13 17 0.338 0.438
14 17 0.363 0.438
15 17 0.388 0.438
16 16 0.413 0.413
17 16 0.438 0.413
18 16 0.463 0.413
19 16 0.488 0.413
20 15 0.513 0.388
21 15 0.538 0.388
-13 55 -0.313 1.388
-12 56 -0.288 1.413
-11 56 -0.263 1.413
-10 56 -0.238 1.413
-9 57 -0.213 1.438
-8 57 -0.188 1.438
-7 58 -0.163 1.463
-6 58 -0.138 1.463
-5 59 -0.113 1.488
-4 59 -0.088 1.488
-3 59 -0.063 1.488
-2 60 -0.038 1.513
-1 60 -0.013 1.513
0 60 0.013 1.513
1 60 0.038 1.513
2 60 0.063 1.513
3 59 0.088 1.488
4 59 0.113 1.488
5 58 0.138 1.463
6 58 0.163 1.463
7 58 0.188 1.463
8 57 0.213 1.438
9 57 0.238 1.438
10 56 0.263 1.413
11 56 0.288 1.413
12 56 0.313 1.413
13 55 0.338 1.388
-21 16 -0.513 0.413
-20 16 -0.488 0.413
-19 17 -0.463 0.438
-18 17 -0.438 0.438
-17 17 -0.413 0.438
-16 17 -0.388 0.438
-15 18 -0.363 0.463
-14 18 -0.338 0.463
-13 18 -0.313 0.463
-12 18 -0.288 0.463
-11 19 -0.263 0.488
-10 19 -0.238 0.488
-9 19 -0.213 0.488
-8 19 -0.188 0.488
-7 20 -0.163 0.513
-6 20 -0.138 0.513
-5 20 -0.113 0.513
-4 21 -0.088 0.538
-3 21 -0.063 0.538
-2 21 -0.038 0.538
-1 21 -0.013 0.538
0 21 0.013 0.538
1 21 0.038 0.538
2 21 0.063 0.538
3 21 0.088 0.538
4 20 0.113 0.513
5 20 0.138 0.513
6 20 0.163 0.513
7 20 0.188 0.513
8 19 0.213 0.488
9 19 0.238 0.488
10 19 0.263 0.488
11 19 0.288 0.488
12 18 0.313 0.463
13 18 0.338 0.463
14 18 0.363 0.463
15 18 0.388 0.463
16 17 0.413 0.438
17 17 0.438 0.438
18 17 0.463 0.438
19 17 0.488 0.438
20 16 0.513 0.413
21 16 0.538 0.413
-13 56 -0.313 1.413
-12 57 -0.288 1.438
-11 57 -0.263 1.438
-10 57 -0.238 1.438
-9 58 -0.213 1.463
-8 58 -0.188 1.463
-7 59 -0.163 1.488
-6 59 -0.138 1.488
-5 60 -0.113 1.513
-4 60 -0.088 1.513
-3 60 -0.063 1.513
-2 61 -0.038 1.538
-1 61 -0.013 1.538
0 61 0.013 1.538
1 61 0.038 1.538
2 61 0.063 1.538
3 60 0.088 1.513
4 60 0.113 1.513
5 59 0.138 1.488
6 59 0.163 1.488
7 59 0.188 1.488
8 58 0.213 1.463
9 58 0.238 1.463
10 57 0.263 1.438
11 57 0.288 1.438
12 57 0.313 1.438
13 56 0.338 1.413
-21 17 -0.513 0.438
-20 17 -0.488 0.438
-18 18 -0.438 0.463
-17 18 -0.413 0.463
-16 18 -0.388 0.463
-14 19 -0.338 0.488
-13 19 -0.313 0.488
-12 19 -0.288 0.488
-10 20 -0.238 0.513
-9 20 -0.213 0.513
-8 20 -0.188 0.513
-6 21 -0.138 0.538
-5 21 -0.113 0.538
-2 22 -0.038 0.563
-1 22 -0.013 0.563
0 22 0.013 0.563
1 22 0.038 0.563
2 22 0.063 0.563
4 21 0.113 0.538
5 21 0.138 0.538
6 21 0.163 0.538
8 20 0.213 0.513
9 20 0.238 0.513
10 20 0.263 0.513
12 19 0.313 0.488
13 19 0.338 0.488
14 19 0.363 0.488
16 18 0.413 0.463
17 18 0.438 0.463
18 18 0.463 0.463
20 17 0.513 0.438
21 17 0.538 0.438
-13 57 -0.313 1.438
-11 58 -0.263 1.463
-10 58 -0.238 1.463
-9 59 -0.213 1.488
-8 59 -0.188 1.488
-6 60 -0.138 1.513
-4 61 -0.088 1.538
-3 61 -0.063 1.538
-1 62 -0.013 1.563
0 62 0.013 1.563
1 62 0.038 1.563
3 61 0.088 1.538
5 60 0.138 1.513
6 60 0.163 1.513
8 59 0.213 1.488
9 59 0.238 1.488
10 58 0.263 1.463
11 58 0.288 1.463
13 57 0.338 1.438
-21 18 -0.513 0.463
-20 18 -0.488 0.463
-19 18 -0.463 0.463
-18 19 -0.438 0.488
-17 19 -0.413 0.488
-16 19 -0.388 0.488
-15 19 -0.363 0.488
-14 20 -0.338 0.513
-13 20 -0.313 0.513
-12 20 -0.288 0.513
-11 20 -0.263 0.513
-10 21 -0.238 0.538
-9 21 -0.213 0.538
-8 21 -0.188 0.538
-7 21 -0.163 0.538
-6 22 -0.138 0.563
-5 22 -0.113 0.563
-4 22 -0.088 0.563
-3 22 -0.063 0.563
-2 23 -0.038 0.588
-1 23 -0.013 0.588
0 23 0.013 0.588
1 23 0.038 0.588
2 23 0.063 0.588
3 22 0.088 0.563
4 22 0.113 0.563
5 22 0.138 0.563
6 22 0.163 0.563
7 21 0.188 0.538
8 21 0.213 0.538
9 21 0.238 0.538
10 21 0.263 0.538
11 20 0.288 0.513
12 20 0.313 0.513
13 20 0.338 0.513
14 20 0.363 0.513
15 19 0.388 0.488
16 19 0.413 0.488
17 19 0.438 0.488
18 19 0.463 0.488
19 18 0.488 0.463
20 18 0.513 0.463
21 18 0.538 0.463
-13 58 -0.313 1.463
-12 58 -0.288 1.463
-11 59 -0.263 1.488
-10 59 -0.238 1.488
-9 60 -0.213 1.513
-8 60 -0.188 1.513
-7 60 -0.163 1.513
-6 61 -0.138 1.538
-5 61 -0.113 1.538
-4 62 -0.088 1.563
-3 62 -0.063 1.563
-2 62 -0.038 1.563
-1 63 -0.013 1.588
0 63 0.013 1.588
1 63 0.038 1.588
2 62 0.063 1.563
3 62 0.088 1.563
4 61 0.113 1.538
5 61 0.138 1.538
6 61 0.163 1.538
7 60 0.188 1.513
8 60 0.213 1.513
9 60 0.238 1.513
10 59 0.263 1.488
11 59 0.288 1.488
12 58 0.313 1.463
13 58 0.338 1.463
-21 19 -0.513 0.488
-20 19 -0.488 0.488
-19 19 -0.463 0.488
-18 20 -0.438 0.513
-17 20 -0.413 0.513
-16 20 -0.388 0.513
-15 20 -0.363 0.513
-14 21 -0.338 0.538
-13 21 -0.313 0.538
-12 21 -0.288 0.538
-11 21 -0.263 0.538
-10 22 -0.238 0.563
-9 22 -0.213 0.563
-8 22 -0.188 0.563
-7 22 -0.163 0.563
-6 23 -0.138 0.588
-5 23 -0.113 0.588
-4 23 -0.088 0.588
-3 23 -0.063 0.588
-2 24 -0.038 0.613
-1 24 -0.013 0.613
0 24 0.013 0.613
1 24 0.038 0.613
2 24 0.063 0.613
3 23 0.088 0.588
4 23 0.113 0.588
5 23 0.138 0.588
6 23 0.163 0.588
7 22 0.188 0.563
8 22 0.213 0.563
9 22 0.238 0.563
10 22 0.263 0.563
11 21 0.288 0.538
12 21 0.313 0.538
13 21 0.338 0.538
14 21 0.363 0.538
15 20 0.388 0.513
16 20 0.413 0.513
17 20 0.438 0.513
18 20 0.463 0.513
19 19 0.488 0.488
20 19 0.513 0.488
21 19 0.538 0.488
-13 59 -0.313 1.488
-12 59 -0.288 1.488
-11 60 -0.263 1.513
-10 60 -0.238 1.513
-9 61 -0.213 1.538
-8 61 -0.188 1.538
-7 61 -0.163 1.538
-6 62 -0.138 1.563
-5 62 -0.113 1.563
-4 63 -0.088 1.588
-3 63 -0.063 1.588
-2 63 -0.038 1.588
-1 64 -0.013 1.613
0 64 0.013 1.613
1 64 0.038 1.613
2 63 0.063 1.588
3 63 0.088 1.588
4 62 0.113 1.563
5 62 0.138 1.563
6 62 0.163 1.563
7 61 0.188 1.538
8 61 0.213 1.538
9 61 0.238 1.538
10 60 0.263 1.513
11 60 0.288 1.513
12 59 0.313 1.488
13 59 0.338 1.488
-20 20 -0.488 0.513
-19 20 -0.463 0.513
-17 21 -0.413 0.538
-16 21 -0.388 0.538
-15 21 -0.363 0.538
-13 22 -0.313 0.563
-12 22 -0.288 0.563
-11 22 -0.263 0.563
-9 23 -0.213 0.588
-8 23 -0.188 0.588
-7 23 -0.163 0.588
-5 24 -0.113 0.613
-4 24 -0.088 0.613
-3 24 -0.063 0.613
-1 25 -0.013 0.638
0 25 0.013 0.638
3 24 0.088 0.613
4 24 0.113 0.613
7 23 0.188 0.588
8 23 0.213 0.588
11 22 0.288 0.563
12 22 0.313 0.563
15 21 0.388 0.538
16 21 0.413 0.538
19 20 0.488 0.513
20 20 0.513 0.513
-13 60 -0.313 1.513
-12 60 -0.288 1.513
-10 61 -0.238 1.538
-8 62 -0.188 1.563
-7 62 -0.163 1.563
-5 63 -0.113 1.588
-3 64 -0.063 1.613
-2 64 -0.038 1.613
-1 65 -0.013 1.638
0 65 0.013 1.638
2 64 0.063 1.613
3 64 0.088 1.613
4 63 0.113 1.588
5 63 0.138 1.588
7 62 0.188 1.563
8 62 0.213 1.563
10 61 0.263 1.538
12 60 0.313 1.513
13 60 0.338 1.513
-21 20 -0.513 0.513
-20 21 -0.488 0.538
-19 21 -0.463 0.538
-18 21 -0.438 0.538
-17 22 -0.413 0.563
-16 22 -0.388 0.563
-15 22 -0.363 0.563
-14 22 -0.338 0.563
-13 23 -0.313 0.588
-12 23 -0.288 0.588
-11 23 -0.263 0.588
-10 23 -0.238 0.588
-9 24 -0.213 0.613
-8 24 -0.188 0.613
-7 24 -0.163 0.613
-6 24 -0.138 0.613
-5 25 -0.113 0.638
-4 25 -0.088 0.638
-3 25 -0.063 0.638
-2 25 -0.038 0.638
-1 26 -0.013 0.663
0 26 0.013 0.663
1 25 0.038 0.638
2 25 0.063 0.638
3 25 0.088 0.638
4 25 0.113 0.638
5 24 0.138 0.613
6 24 0.163 0.613
7 24 0.188 0.613
8 24 0.213 0.613
9 23 0.238 0.588
10 23 0.263 0.588
11 23 0.288 0.588
12 23 0.313 0.588
13 22 0.338 0.563
14 22 0.363 0.563
15 22 0.388 0.563
16 22 0.413 0.563
17 21 0.438 0.538
18 21 0.463 0.538
19 21 0.488 0.538
20 21 0.513 0.538
21 20 0.538 0.513
-13 61 -0.313 1.538
-12 61 -0.288 1.538
-11 61 -0.263 1.538
-10 62 -0.238 1.563
-9 62 -0.213 1.563
-8 63 -0.188 1.588
-7 63 -0.163 1.588
-6 63 -0.138 1.588
-5 64 -0.113 1.613
-4 64 -0.088 1.613
-3 65 -0.063 1.638
-2 65 -0.038 1.638
-1 66 -0.013 1.663
0 66 0.013 1.663
1 65 0.038 1.638
2 65 0.063 1.638
3 65 0.088 1.638
4 64 0.113 1.613
5 64 0.138 1.613
6 63 0.163 1.588
7 63 0.188 1.588
8 63 0.213 1.588
9 62 0.238 1.563
10 62 0.263 1.563
11 61 0.288 1.538
12 61 0.313 1.538
13 61 0.338 1.538
-21 21 -0.513 0.538
-20 22 -0.488 0.563
-19 22 -0.463 0.563
-18 22 -0.438 0.563
-17 23 -0.413 0.588
-16 23 -0.388 0.588
-15 23 -0.363 0.588
-14 23 -0.338 0.588
-13 24 -0.313 0.613
-12 24 -0.288 0.613
-11 24 -0.263 0.613
-10 24 -0.238 0.613
-9 25 -0.213 0.638
-8 25 -0.188 0.638
-7 25 -0.163 0.638
-6 25 -0.138 0.638
-5 26 -0.113 0.663
-4 26 -0.088 0.663
-3 26 -0.063 0.663
-2 26 -0.038 0.663
1 26 0.038 0.663
2 26 0.063 0.663
3 26 0.088 0.663
4 26 0.113 0.663
5 25 0.138 0.638
6 25 0.163 0.638
7 25 0.188 0.638
8 25 0.213 0.638
9 24 0.238 0.613
10 24 0.263 0.613
11 24 0.288 0.613
12 24 0.313 0.613
13 23 0.338 0.588
14 23 0.363 0.588
15 23 0.388 0.588
16 23 0.413 0.588
17 22 0.438 0.563
18 22 0.463 0.563
19 22 0.488 0.563
20 22 0.513 0.563
21 21 0.538 0.538
-13 62 -0.313 1.563
-12 62 -0.288 1.563
-11 62 -0.263 1.563
-10 63 -0.238 1.588
-9 63 -0.213 1.588
-8 64 -0.188 1.613
-7 64 -0.163 1.613
-6 64 -0.138 1.613
-5 65 -0.113 1.638
-4 65 -0.088 1.638
-3 66 -0.063 1.663
-2 66 -0.038 1.663
-1 67 -0.013 1.688
0 67 0.013 1.688
1 66 0.038 1.663
2 66 0.063 1.663
3 66 0.088 1.663
4 65 0.113 1.638
5 65 0.138 1.638
6 64 0.163 1.613
7 64 0.188 1.613
8 64 0.213 1.613
9 63 0.238 1.588
10 63 0.263 1.588
11 62 0.288 1.563
12 62 0.313 1.563
13 62 0.338 1.563
