-14 -18 -0.338 -0.438
-2 -23 -0.038 -0.563
5 -25 0.138 -0.613
6 -24 0.163 -0.588
7 -23 0.188 -0.563
7 -22 0.188 -0.538
8 -21 0.213 -0.513
9 -20 0.238 -0.488
10 -19 0.263 -0.463
10 -18 0.263 -0.438
11 -17 0.288 -0.413
12 -16 0.313 -0.388
13 -14 0.338 -0.338
14 -13 0.363 -0.313
15 -12 0.388 -0.288
15 -11 0.388 -0.263
16 -10 0.413 -0.238
17 -9 0.438 -0.213
18 -8 0.463 -0.188
18 -7 0.463 -0.163
18 -6 0.463 -0.138
19 -3 0.488 -0.063
19 -2 0.488 -0.038
19 -1 0.488 -0.013
19 0 0.488 0.013
19 1 0.488 0.038
20 4 0.513 0.113
20 5 0.513 0.138
20 6 0.513 0.163
20 7 0.513 0.188
20 8 0.513 0.213
21 11 0.538 0.288
21 12 0.538 0.313
21 13 0.538 0.338
21 14 0.538 0.363
22 -24 0.563 -0.588
34 -29 0.863 -0.713
44 -33 1.113 -0.813
45 -33 1.138 -0.813
46 -32 1.163 -0.788
47 -31 1.188 -0.763
48 -30 1.213 -0.738
49 -29 1.238 -0.713
50 -28 1.263 -0.688
51 -27 1.288 -0.663
52 -26 1.313 -0.638
53 -25 1.338 -0.613
54 -24 1.363 -0.588
55 -23 1.388 -0.563
55 -22 1.388 -0.538
55 -21 1.388 -0.513
55 -20 1.388 -0.488
55 -19 1.388 -0.463
55 -18 1.388 -0.438
55 -17 1.388 -0.413
55 -16 1.388 -0.388
55 -15 1.388 -0.363
55 -14 1.388 -0.338
55 -13 1.388 -0.313
55 -12 1.388 -0.288
55 -11 1.388 -0.263
55 -10 1.388 -0.238
55 -9 1.388 -0.213
55 -8 1.388 -0.188
-19 -16 -0.463 -0.388
6 -25 0.163 -0.613
7 -24 0.188 -0.588
8 -22 0.213 -0.538
9 -21 0.238 -0.513
10 -20 0.263 -0.488
11 -18 0.288 -0.438
12 -17 0.313 -0.413
13 -16 0.338 -0.388
13 -15 0.338 -0.363
14 -14 0.363 -0.338
15 -13 0.388 -0.313
16 -12 0.413 -0.288
16 -11 0.413 -0.263
17 -10 0.438 -0.238
18 -9 0.463 -0.213
19 -8 0.488 -0.188
19 -7 0.488 -0.163
19 -6 0.488 -0.138
19 -5 0.488 -0.113
19 -4 0.488 -0.088
20 -1 0.513 -0.013
20 0 0.513 0.013
20 1 0.513 0.038
20 2 0.513 0.063
20 3 0.513 0.088
21 6 0.538 0.163
21 7 0.538 0.188
21 8 0.538 0.213
21 9 0.538 0.238
21 10 0.538 0.263
22 13 0.563 0.338
22 14 0.563 0.363
29 -27 0.738 -0.663
46 -33 1.163 -0.813
47 -32 1.188 -0.788
48 -31 1.213 -0.763
49 -30 1.238 -0.738
50 -29 1.263 -0.713
51 -28 1.288 -0.688
52 -27 1.313 -0.663
53 -26 1.338 -0.638
54 -25 1.363 -0.613
55 -24 1.388 -0.588
56 -23 1.413 -0.563
56 -22 1.413 -0.538
56 -21 1.413 -0.513
56 -20 1.413 -0.488
56 -19 1.413 -0.463
56 -18 1.413 -0.438
56 -17 1.413 -0.413
56 -16 1.413 -0.388
56 -15 1.413 -0.363
56 -14 1.413 -0.338
56 -13 1.413 -0.313
56 -12 1.413 -0.288
56 -11 1.413 -0.263
56 -10 1.413 -0.238
56 -9 1.413 -0.213
-7 -21 -0.163 -0.513
5 -26 0.138 -0.638
6 -26 0.163 -0.638
7 -25 0.188 -0.613
8 -24 0.213 -0.588
8 -23 0.213 -0.563
9 -22 0.238 -0.538
10 -21 0.263 -0.513
11 -20 0.288 -0.488
11 -19 0.288 -0.463
12 -18 0.313 -0.438
13 -17 0.338 -0.413
14 -16 0.363 -0.388
14 -15 0.363 -0.363
15 -14 0.388 -0.338
16 -13 0.413 -0.313
17 -11 0.438 -0.263
18 -10 0.463 -0.238
19 -9 0.488 -0.213
20 -6 0.513 -0.138
20 -5 0.513 -0.113
20 -4 0.513 -0.088
20 -3 0.513 -0.063
20 -2 0.513 -0.038
21 1 0.538 0.038
21 2 0.538 0.063
21 3 0.538 0.088
21 4 0.538 0.113
21 5 0.538 0.138
22 8 0.563 0.213
22 9 0.563 0.238
22 10 0.563 0.263
22 11 0.563 0.288
22 12 0.563 0.313
41 -32 1.038 -0.788
47 -33 1.188 -0.813
48 -32 1.213 -0.788
49 -31 1.238 -0.763
50 -30 1.263 -0.738
51 -29 1.288 -0.713
52 -28 1.313 -0.688
53 -27 1.338 -0.663
54 -26 1.363 -0.638
55 -25 1.388 -0.613
56 -24 1.413 -0.588
-12 -19 -0.288 -0.463
0 -24 0.013 -0.588
7 -26 0.188 -0.638
8 -25 0.213 -0.613
9 -24 0.238 -0.588
9 -23 0.238 -0.563
10 -22 0.263 -0.538
11 -21 0.288 -0.513
12 -20 0.313 -0.488
12 -19 0.313 -0.463
13 -18 0.338 -0.438
14 -17 0.363 -0.413
15 -15 0.388 -0.363
16 -14 0.413 -0.338
17 -13 0.438 -0.313
17 -12 0.438 -0.288
18 -11 0.463 -0.263
19 -10 0.488 -0.238
20 -9 0.513 -0.213
20 -8 0.513 -0.188
20 -7 0.513 -0.163
21 -4 0.538 -0.088
21 -3 0.538 -0.063
21 -2 0.538 -0.038
21 -1 0.538 -0.013
21 0 0.538 0.013
22 3 0.563 0.088
22 4 0.563 0.113
22 5 0.563 0.138
22 6 0.563 0.163
22 7 0.563 0.188
23 10 0.588 0.263
23 11 0.588 0.288
23 12 0.588 0.313
23 13 0.588 0.338
24 -25 0.613 -0.613
36 -30 0.913 -0.738
46 -34 1.163 -0.838
47 -34 1.188 -0.838
48 -33 1.213 -0.813
49 -32 1.238 -0.788
50 -31 1.263 -0.763
51 -30 1.288 -0.738
52 -29 1.313 -0.713
53 -28 1.338 -0.688
54 -27 1.363 -0.663
55 -26 1.388 -0.638
56 -25 1.413 -0.613
57 -24 1.438 -0.588
57 -23 1.438 -0.563
57 -22 1.438 -0.538
57 -21 1.438 -0.513
57 -20 1.438 -0.488
57 -19 1.438 -0.463
57 -18 1.438 -0.438
57 -17 1.438 -0.413
57 -16 1.438 -0.388
57 -15 1.438 -0.363
57 -14 1.438 -0.338
57 -13 1.438 -0.313
57 -12 1.438 -0.288
57 -11 1.438 -0.263
57 -10 1.438 -0.238
57 -9 1.438 -0.213
-17 -17 -0.413 -0.413
8 -26 0.213 -0.638
9 -25 0.238 -0.613
10 -23 0.263 -0.563
11 -22 0.288 -0.538
12 -21 0.313 -0.513
13 -19 0.338 -0.463
14 -18 0.363 -0.438
15 -17 0.388 -0.413
15 -16 0.388 -0.388
16 -15 0.413 -0.363
17 -14 0.438 -0.338
18 -13 0.463 -0.313
18 -12 0.463 -0.288
19 -11 0.488 -0.263
20 -10 0.513 -0.238
21 -9 0.538 -0.213
21 -8 0.538 -0.188
21 -7 0.538 -0.163
21 -6 0.538 -0.138
21 -5 0.538 -0.113
22 -2 0.563 -0.038
22 -1 0.563 -0.013
22 0 0.563 0.013
22 1 0.563 0.038
22 2 0.563 0.063
23 5 0.588 0.138
23 6 0.588 0.163
23 7 0.588 0.188
23 8 0.588 0.213
23 9 0.588 0.238
24 12 0.613 0.313
24 13 0.613 0.338
31 -28 0.788 -0.688
48 -34 1.213 -0.838
49 -33 1.238 -0.813
50 -32 1.263 -0.788
51 -31 1.288 -0.763
52 -30 1.313 -0.738
53 -29 1.338 -0.713
54 -28 1.363 -0.688
55 -27 1.388 -0.663
56 -26 1.413 -0.638
57 -25 1.438 -0.613
58 -24 1.463 -0.588
58 -23 1.463 -0.563
58 -22 1.463 -0.538
58 -21 1.463 -0.513
58 -20 1.463 -0.488
58 -19 1.463 -0.463
58 -18 1.463 -0.438
58 -17 1.463 -0.413
58 -16 1.463 -0.388
58 -15 1.463 -0.363
58 -14 1.463 -0.338
58 -13 1.463 -0.313
58 -12 1.463 -0.288
58 -11 1.463 -0.263
58 -10 1.463 -0.238
-5 -22 -0.113 -0.538
7 -27 0.188 -0.663
8 -27 0.213 -0.663
9 -26 0.238 -0.638
10 -25 0.263 -0.613
10 -24 0.263 -0.588
11 -23 0.288 -0.563
12 -22 0.313 -0.538
13 -21 0.338 -0.513
13 -20 0.338 -0.488
14 -19 0.363 -0.463
15 -18 0.388 -0.438
16 -17 0.413 -0.413
16 -16 0.413 -0.388
17 -15 0.438 -0.363
18 -14 0.463 -0.338
19 -12 0.488 -0.288
20 -11 0.513 -0.263
21 -10 0.538 -0.238
22 -7 0.563 -0.163
22 -6 0.563 -0.138
22 -5 0.563 -0.113
22 -4 0.563 -0.088
22 -3 0.563 -0.063
23 0 0.588 0.013
23 1 0.588 0.038
23 2 0.588 0.063
23 3 0.588 0.088
23 4 0.588 0.113
24 7 0.613 0.188
24 8 0.613 0.213
24 9 0.613 0.238
24 10 0.613 0.263
24 11 0.613 0.288
43 -33 1.088 -0.813
49 -34 1.238 -0.838
50 -33 1.263 -0.813
51 -32 1.288 -0.788
52 -31 1.313 -0.763
53 -30 1.338 -0.738
54 -29 1.363 -0.713
55 -28 1.388 -0.688
56 -27 1.413 -0.663
57 -26 1.438 -0.638
58 -25 1.463 -0.613
-10 -20 -0.238 -0.488
2 -25 0.063 -0.613
9 -27 0.238 -0.663
10 -26 0.263 -0.638
11 -25 0.288 -0.613
11 -24 0.288 -0.588
12 -23 0.313 -0.563
13 -22 0.338 -0.538
14 -21 0.363 -0.513
14 -20 0.363 -0.488
15 -19 0.388 -0.463
16 -18 0.413 -0.438
17 -16 0.438 -0.388
18 -15 0.463 -0.363
19 -14 0.488 -0.338
19 -13 0.488 -0.313
20 -12 0.513 -0.288
21 -11 0.538 -0.263
22 -10 0.563 -0.238
22 -9 0.563 -0.213
22 -8 0.563 -0.188
23 -5 0.588 -0.113
23 -4 0.588 -0.088
23 -3 0.588 -0.063
23 -2 0.588 -0.038
23 -1 0.588 -0.013
24 2 0.613 0.063
24 3 0.613 0.088
24 4 0.613 0.113
24 5 0.613 0.138
24 6 0.613 0.163
25 9 0.638 0.238
25 10 0.638 0.263
25 11 0.638 0.288
25 12 0.638 0.313
26 -26 0.663 -0.638
38 -31 0.963 -0.763
48 -35 1.213 -0.863
49 -35 1.238 -0.863
50 -34 1.263 -0.838
51 -33 1.288 -0.813
52 -32 1.313 -0.788
53 -31 1.338 -0.763
54 -30 1.363 -0.738
55 -29 1.388 -0.713
56 -28 1.413 -0.688
57 -27 1.438 -0.663
58 -26 1.463 -0.638
59 -25 1.488 -0.613
59 -24 1.488 -0.588
59 -23 1.488 -0.563
59 -22 1.488 -0.538
59 -21 1.488 -0.513
59 -20 1.488 -0.488
59 -19 1.488 -0.463
59 -18 1.488 -0.438
59 -17 1.488 -0.413
59 -16 1.488 -0.388
59 -15 1.488 -0.363
59 -14 1.488 -0.338
59 -13 1.488 -0.313
59 -12 1.488 -0.288
59 -11 1.488 -0.263
59 -10 1.488 -0.238
-15 -18 -0.363 -0.438
10 -27 0.263 -0.663
11 -26 0.288 -0.638
12 -24 0.313 -0.588
13 -23 0.338 -0.563
14 -22 0.363 -0.538
15 -20 0.388 -0.488
16 -19 0.413 -0.463
17 -18 0.438 -0.438
17 -17 0.438 -0.413
18 -16 0.463 -0.388
19 -15 0.488 -0.363
20 -14 0.513 -0.338
20 -13 0.513 -0.313
21 -12 0.538 -0.288
22 -11 0.563 -0.263
23 -10 0.588 -0.238
23 -9 0.588 -0.213
23 -8 0.588 -0.188
23 -7 0.588 -0.163
23 -6 0.588 -0.138
24 -3 0.613 -0.063
24 -2 0.613 -0.038
24 -1 0.613 -0.013
24 0 0.613 0.013
24 1 0.613 0.038
25 4 0.638 0.113
25 5 0.638 0.138
25 6 0.638 0.163
25 7 0.638 0.188
25 8 0.638 0.213
26 11 0.663 0.288
26 12 0.663 0.313
33 -29 0.838 -0.713
50 -35 1.263 -0.863
51 -34 1.288 -0.838
52 -33 1.313 -0.813
53 -32 1.338 -0.788
54 -31 1.363 -0.763
55 -30 1.388 -0.738
56 -29 1.413 -0.713
57 -28 1.438 -0.688
58 -27 1.463 -0.663
59 -26 1.488 -0.638
60 -25 1.513 -0.613
60 -24 1.513 -0.588
60 -23 1.513 -0.563
60 -22 1.513 -0.538
60 -21 1.513 -0.513
60 -20 1.513 -0.488
60 -19 1.513 -0.463
60 -18 1.513 -0.438
60 -17 1.513 -0.413
60 -16 1.513 -0.388
60 -15 1.513 -0.363
60 -14 1.513 -0.338
60 -13 1.513 -0.313
60 -12 1.513 -0.288
60 -11 1.513 -0.263
-3 -23 -0.063 -0.563
9 -28 0.238 -0.688
10 -28 0.263 -0.688
11 -27 0.288 -0.663
12 -26 0.313 -0.638
12 -25 0.313 -0.613
13 -24 0.338 -0.588
14 -23 0.363 -0.563
15 -22 0.388 -0.538
15 -21 0.388 -0.513
16 -20 0.413 -0.488
17 -19 0.438 -0.463
18 -18 0.463 -0.438
18 -17 0.463 -0.413
19 -16 0.488 -0.388
20 -15 0.513 -0.363
21 -13 0.538 -0.313
22 -12 0.563 -0.288
23 -11 0.588 -0.263
24 -8 0.613 -0.188
24 -7 0.613 -0.163
24 -6 0.613 -0.138
24 -5 0.613 -0.113
24 -4 0.613 -0.088
25 -1 0.638 -0.013
25 0 0.638 0.013
25 1 0.638 0.038
25 2 0.638 0.063
25 3 0.638 0.088
26 6 0.663 0.163
26 7 0.663 0.188
26 8 0.663 0.213
26 9 0.663 0.238
26 10 0.663 0.263
45 -34 1.138 -0.838
51 -35 1.288 -0.863
52 -34 1.313 -0.838
53 -33 1.338 -0.813
54 -32 1.363 -0.788
55 -31 1.388 -0.763
56 -30 1.413 -0.738
57 -29 1.438 -0.713
58 -28 1.463 -0.688
59 -27 1.488 -0.663
60 -26 1.513 -0.638
