-17 15 -0.413 0.388
-22 -12 -0.538 -0.288
-22 -11 -0.538 -0.263
-22 -10 -0.538 -0.238
-22 -9 -0.538 -0.213
-22 -8 -0.538 -0.188
-22 -7 -0.538 -0.163
-22 -6 -0.538 -0.138
-22 -5 -0.538 -0.113
-21 14 -0.513 0.363
-19 15 -0.463 0.388
-18 15 -0.438 0.388
-14 16 -0.338 0.413
1 19 0.038 0.488
6 -14 0.163 -0.338
7 -14 0.188 -0.338
8 -14 0.213 -0.338
9 -14 0.238 -0.338
10 -14 0.263 -0.338
11 -14 0.288 -0.338
12 -14 0.313 -0.338
13 -14 0.338 -0.338
14 -14 0.363 -0.338
15 -14 0.388 -0.338
16 -14 0.413 -0.338
17 -14 0.438 -0.338
18 -14 0.463 -0.338
19 -14 0.488 -0.338
20 -14 0.513 -0.338
21 -14 0.538 -0.338
22 7 0.563 0.188
22 8 0.563 0.213
22 9 0.563 0.238
22 10 0.563 0.263
22 11 0.563 0.288
22 12 0.563 0.313
2 59 0.063 1.488
4 58 0.113 1.463
6 57 0.163 1.438
7 57 0.188 1.438
7 26 0.188 0.663
8 26 0.213 0.663
9 26 0.238 0.663
9 56 0.238 1.413
10 26 0.263 0.663
11 26 0.288 0.663
11 55 0.288 1.388
12 26 0.313 0.663
13 26 0.338 0.663
14 26 0.363 0.663
14 27 0.363 0.688
14 28 0.363 0.713
14 29 0.363 0.738
14 30 0.363 0.763
14 31 0.363 0.788
14 32 0.363 0.813
14 33 0.363 0.838
14 34 0.363 0.863
14 35 0.363 0.888
14 36 0.363 0.913
14 37 0.363 0.938
14 38 0.363 0.963
14 39 0.363 0.988
14 40 0.363 1.013
14 41 0.363 1.038
14 42 0.363 1.063
14 43 0.363 1.088
14 44 0.363 1.113
14 45 0.363 1.138
14 46 0.363 1.163
14 47 0.363 1.188
14 48 0.363 1.213
14 49 0.363 1.238
14 50 0.363 1.263
14 51 0.363 1.288
14 52 0.363 1.313
14 53 0.363 1.338
15 31 0.388 0.788
15 32 0.388 0.813
15 33 0.388 0.838
15 34 0.388 0.863
15 35 0.388 0.888
15 36 0.388 0.913
15 37 0.388 0.938
15 38 0.388 0.963
15 39 0.388 0.988
15 40 0.388 1.013
15 41 0.388 1.038
15 42 0.388 1.063
15 43 0.388 1.088
15 44 0.388 1.113
15 45 0.388 1.138
15 46 0.388 1.163
15 47 0.388 1.188
15 48 0.388 1.213
15 49 0.388 1.238
15 50 0.388 1.263
15 51 0.388 1.288
15 52 0.388 1.313
15 53 0.388 1.338
-22 -4 -0.538 -0.088
-20 15 -0.488 0.388
-16 16 -0.388 0.413
-15 16 -0.363 0.413
-10 17 -0.238 0.438
1 -14 0.038 -0.338
2 -14 0.063 -0.338
3 -14 0.088 -0.338
4 -14 0.113 -0.338
5 -14 0.138 -0.338
13 -15 0.338 -0.363
14 -15 0.363 -0.363
15 -15 0.388 -0.363
16 -15 0.413 -0.363
17 -15 0.438 -0.363
18 -15 0.463 -0.363
19 -15 0.488 -0.363
20 -15 0.513 -0.363
22 0 0.563 0.013
22 1 0.563 0.038
22 2 0.563 0.063
22 3 0.563 0.088
22 4 0.563 0.113
22 5 0.563 0.138
22 6 0.563 0.163
4 26 0.113 0.663
5 26 0.138 0.663
5 58 0.138 1.463
6 26 0.163 0.663
6 58 0.163 1.463
7 58 0.188 1.463
8 57 0.213 1.438
9 57 0.238 1.438
10 56 0.263 1.413
11 56 0.288 1.413
12 55 0.313 1.388
13 55 0.338 1.388
14 54 0.363 1.363
15 26 0.388 0.663
15 27 0.388 0.688
15 28 0.388 0.713
15 29 0.388 0.738
15 30 0.388 0.763
15 54 0.388 1.363
16 26 0.413 0.663
16 27 0.413 0.688
16 28 0.413 0.713
16 29 0.413 0.738
16 30 0.413 0.763
16 31 0.413 0.788
16 32 0.413 0.813
16 33 0.413 0.838
16 34 0.413 0.863
16 35 0.413 0.888
16 36 0.413 0.913
16 37 0.413 0.938
16 38 0.413 0.963
16 39 0.413 0.988
16 40 0.413 1.013
16 41 0.413 1.038
16 42 0.413 1.063
16 43 0.413 1.088
16 44 0.413 1.113
16 45 0.413 1.138
16 46 0.413 1.163
16 47 0.413 1.188
16 48 0.413 1.213
16 49 0.413 1.238
16 50 0.413 1.263
16 51 0.413 1.288
16 52 0.413 1.313
16 53 0.413 1.338
17 37 0.438 0.938
17 38 0.438 0.963
17 39 0.438 0.988
17 40 0.438 1.013
17 41 0.438 1.038
17 42 0.438 1.063
17 43 0.438 1.088
17 44 0.438 1.113
17 45 0.438 1.138
17 46 0.438 1.163
17 47 0.438 1.188
17 48 0.438 1.213
17 49 0.438 1.238
17 50 0.438 1.263
17 51 0.438 1.288
17 52 0.438 1.313
17 53 0.438 1.338
18 48 0.463 1.213
18 49 0.463 1.238
18 50 0.463 1.263
18 51 0.463 1.288
18 52 0.463 1.313
-23 -10 -0.563 -0.238
-23 -9 -0.563 -0.213
-23 -8 -0.563 -0.188
-22 -3 -0.538 -0.063
-22 -2 -0.538 -0.038
-22 -1 -0.538 -0.013
-22 0 -0.538 0.013
-19 16 -0.463 0.413
-18 16 -0.438 0.413
-17 16 -0.413 0.413
-15 17 -0.363 0.438
-14 17 -0.338 0.438
-13 17 -0.313 0.438
-12 17 -0.288 0.438
-11 17 -0.263 0.438
-7 18 -0.163 0.463
-6 18 -0.138 0.463
2 19 0.063 0.488
5 18 0.138 0.463
9 -15 0.238 -0.363
10 -15 0.263 -0.363
11 -15 0.288 -0.363
12 -15 0.313 -0.363
17 -16 0.438 -0.388
18 -16 0.463 -0.388
19 -16 0.488 -0.388
23 9 0.588 0.238
23 10 0.588 0.263
23 11 0.588 0.288
8 58 0.213 1.463
9 58 0.238 1.463
10 57 0.263 1.438
12 56 0.313 1.413
12 25 0.313 0.638
13 25 0.338 0.638
14 25 0.363 0.638
14 55 0.363 1.388
15 25 0.388 0.638
16 25 0.413 0.638
16 54 0.413 1.363
17 25 0.438 0.638
17 26 0.438 0.663
17 27 0.438 0.688
17 28 0.438 0.713
17 29 0.438 0.738
17 30 0.438 0.763
17 31 0.438 0.788
17 32 0.438 0.813
17 33 0.438 0.838
17 34 0.438 0.863
17 35 0.438 0.888
17 36 0.438 0.913
18 31 0.463 0.788
18 32 0.463 0.813
18 33 0.463 0.838
18 34 0.463 0.863
18 35 0.463 0.888
18 36 0.463 0.913
18 37 0.463 0.938
18 38 0.463 0.963
18 39 0.463 0.988
18 40 0.463 1.013
18 41 0.463 1.038
18 42 0.463 1.063
18 43 0.463 1.088
18 44 0.463 1.113
18 45 0.463 1.138
18 46 0.463 1.163
18 47 0.463 1.188
18 53 0.463 1.338
19 38 0.488 0.963
19 39 0.488 0.988
19 40 0.488 1.013
19 41 0.488 1.038
19 42 0.488 1.063
19 43 0.488 1.088
19 44 0.488 1.113
19 45 0.488 1.138
19 46 0.488 1.163
19 47 0.488 1.188
19 48 0.488 1.213
19 49 0.488 1.238
19 50 0.488 1.263
19 51 0.488 1.288
19 52 0.488 1.313
20 46 0.513 1.163
20 47 0.513 1.188
20 48 0.513 1.213
20 49 0.513 1.238
20 50 0.513 1.263
20 51 0.513 1.288
-23 -7 -0.563 -0.163
-23 -6 -0.563 -0.138
-19 17 -0.463 0.438
-18 17 -0.438 0.438
-17 17 -0.413 0.438
-16 17 -0.388 0.438
-8 18 -0.188 0.463
0 -14 0.013 -0.338
6 -15 0.163 -0.363
7 -15 0.188 -0.363
8 -15 0.213 -0.363
11 -16 0.288 -0.388
12 -16 0.313 -0.388
13 -16 0.338 -0.388
14 -16 0.363 -0.388
15 -16 0.388 -0.388
16 -16 0.413 -0.388
17 -17 0.438 -0.413
18 -17 0.463 -0.413
19 -17 0.488 -0.413
22 -1 0.563 -0.013
23 5 0.588 0.138
23 6 0.588 0.163
23 7 0.588 0.188
23 8 0.588 0.213
10 58 0.263 1.463
10 25 0.263 0.638
11 25 0.288 0.638
11 57 0.288 1.438
12 57 0.313 1.438
13 56 0.338 1.413
14 56 0.363 1.413
15 55 0.388 1.388
16 24 0.413 0.613
17 24 0.438 0.613
17 54 0.438 1.363
18 24 0.463 0.613
18 25 0.463 0.638
18 26 0.463 0.663
18 27 0.463 0.688
18 28 0.463 0.713
18 29 0.463 0.738
18 30 0.463 0.763
19 30 0.488 0.763
19 31 0.488 0.788
19 32 0.488 0.813
19 33 0.488 0.838
19 34 0.488 0.863
19 35 0.488 0.888
19 36 0.488 0.913
19 37 0.488 0.938
20 35 0.513 0.888
20 36 0.513 0.913
20 37 0.513 0.938
20 38 0.513 0.963
20 39 0.513 0.988
20 40 0.513 1.013
20 41 0.513 1.038
20 42 0.513 1.063
20 43 0.513 1.088
20 44 0.513 1.113
20 45 0.513 1.138
20 52 0.513 1.313
21 41 0.538 1.038
21 42 0.538 1.063
21 43 0.538 1.088
21 44 0.538 1.113
21 45 0.538 1.138
21 46 0.538 1.163
21 47 0.538 1.188
21 48 0.538 1.213
21 49 0.538 1.238
21 50 0.538 1.263
21 51 0.538 1.288
22 47 0.563 1.188
22 48 0.563 1.213
22 49 0.563 1.238
22 50 0.563 1.263
22 51 0.563 1.288
-23 -5 -0.563 -0.113
-23 -4 -0.563 -0.088
-18 18 -0.438 0.463
-17 18 -0.413 0.463
-16 18 -0.388 0.463
-15 18 -0.363 0.463
-14 18 -0.338 0.463
-13 18 -0.313 0.463
-12 18 -0.288 0.463
-11 18 -0.263 0.463
-10 18 -0.238 0.463
-9 18 -0.213 0.463
5 -15 0.138 -0.363
9 -16 0.238 -0.388
10 -16 0.263 -0.388
14 -17 0.363 -0.413
15 -17 0.388 -0.413
16 -17 0.413 -0.413
23 3 0.588 0.088
23 4 0.588 0.113
24 8 0.613 0.213
8 25 0.213 0.638
9 25 0.238 0.638
13 57 0.338 1.438
13 24 0.338 0.613
14 24 0.363 0.613
15 24 0.388 0.613
15 56 0.388 1.413
16 55 0.413 1.388
17 23 0.438 0.588
18 23 0.463 0.588
18 54 0.463 1.363
19 23 0.488 0.588
19 24 0.488 0.613
19 25 0.488 0.638
19 26 0.488 0.663
19 27 0.488 0.688
19 28 0.488 0.713
19 29 0.488 0.738
19 53 0.488 1.338
20 27 0.513 0.688
20 28 0.513 0.713
20 29 0.513 0.738
20 30 0.513 0.763
20 31 0.513 0.788
20 32 0.513 0.813
20 33 0.513 0.838
20 34 0.513 0.863
21 31 0.538 0.788
21 32 0.538 0.813
21 33 0.538 0.838
21 34 0.538 0.863
21 35 0.538 0.888
21 36 0.538 0.913
21 37 0.538 0.938
21 38 0.538 0.963
21 39 0.538 0.988
21 40 0.538 1.013
21 52 0.538 1.313
22 36 0.563 0.913
22 37 0.563 0.938
22 38 0.563 0.963
22 39 0.563 0.988
22 40 0.563 1.013
22 41 0.563 1.038
22 42 0.563 1.063
22 43 0.563 1.088
22 44 0.563 1.113
22 45 0.563 1.138
22 46 0.563 1.163
23 40 0.588 1.013
23 41 0.588 1.038
23 42 0.588 1.063
23 43 0.588 1.088
23 44 0.588 1.113
23 45 0.588 1.138
23 46 0.588 1.163
23 47 0.588 1.188
23 48 0.588 1.213
23 49 0.588 1.238
23 50 0.588 1.263
24 45 0.613 1.138
24 46 0.613 1.163
24 47 0.613 1.188
24 48 0.613 1.213
24 49 0.613 1.238
24 50 0.613 1.263
-24 -7 -0.588 -0.163
-24 -6 -0.588 -0.138
-23 -3 -0.563 -0.063
-23 -2 -0.563 -0.038
-22 1 -0.538 0.038
4 -15 0.113 -0.363
6 18 0.163 0.463
8 -16 0.213 -0.388
11 -17 0.288 -0.413
12 -17 0.313 -0.413
13 -17 0.338 -0.413
15 -18 0.388 -0.438
16 -18 0.413 -0.438
17 -18 0.438 -0.438
22 -2 0.563 -0.038
23 2 0.588 0.063
24 5 0.613 0.138
24 6 0.613 0.163
24 7 0.613 0.188
14 57 0.363 1.438
15 57 0.388 1.438
16 56 0.413 1.413
16 23 0.413 0.588
17 55 0.438 1.388
17 56 0.438 1.413
18 55 0.463 1.388
19 54 0.488 1.363
20 23 0.513 0.588
20 24 0.513 0.613
20 25 0.513 0.638
20 26 0.513 0.663
20 53 0.513 1.338
21 25 0.538 0.638
21 26 0.538 0.663
21 27 0.538 0.688
21 28 0.538 0.713
21 29 0.538 0.738
21 30 0.538 0.763
21 53 0.538 1.338
22 29 0.563 0.738
22 30 0.563 0.763
22 31 0.563 0.788
22 32 0.563 0.813
22 33 0.563 0.838
22 34 0.563 0.863
22 35 0.563 0.888
22 52 0.563 1.313
23 33 0.588 0.838
23 34 0.588 0.863
23 35 0.588 0.888
23 36 0.588 0.913
23 37 0.588 0.938
23 38 0.588 0.963
23 39 0.588 0.988
23 51 0.588 1.288
24 37 0.613 0.938
24 38 0.613 0.963
24 39 0.613 0.988
24 40 0.613 1.013
24 41 0.613 1.038
24 42 0.613 1.063
24 43 0.613 1.088
24 44 0.613 1.113
25 40 0.638 1.013
25 41 0.638 1.038
25 42 0.638 1.063
25 43 0.638 1.088
25 44 0.638 1.113
25 45 0.638 1.138
25 46 0.638 1.163
25 47 0.638 1.188
25 48 0.638 1.213
25 49 0.638 1.238
25 50 0.638 1.263
26 44 0.663 1.113
26 45 0.663 1.138
26 46 0.663 1.163
26 47 0.663 1.188
26 48 0.663 1.213
26 49 0.663 1.238
27 48 0.688 1.213
-24 -5 -0.588 -0.113
-23 -1 -0.563 -0.013
-22 2 -0.538 0.063
-16 19 -0.388 0.488
-15 19 -0.363 0.488
-14 19 -0.338 0.488
-13 19 -0.313 0.488
-12 19 -0.288 0.488
-11 19 -0.263 0.488
-10 19 -0.238 0.488
-9 19 -0.213 0.488
-8 19 -0.188 0.488
-1 -14 -0.013 -0.338
2 -15 0.063 -0.363
3 -15 0.088 -0.363
5 -16 0.138 -0.388
6 -16 0.163 -0.388
7 -16 0.188 -0.388
8 -17 0.213 -0.413
9 -17 0.238 -0.413
10 -17 0.263 -0.413
11 -18 0.288 -0.438
12 -18 0.313 -0.438
13 -18 0.338 -0.438
14 -18 0.363 -0.438
15 -19 0.388 -0.463
16 -19 0.413 -0.463
17 -19 0.438 -0.463
22 -3 0.563 -0.063
23 0 0.588 0.013
23 1 0.588 0.038
24 4 0.613 0.113
12 24 0.313 0.613
15 23 0.388 0.588
18 56 0.463 1.413
18 22 0.463 0.563
19 22 0.488 0.563
19 55 0.488 1.388
20 22 0.513 0.563
20 54 0.513 1.363
21 22 0.538 0.563
21 23 0.538 0.588
21 24 0.538 0.613
22 24 0.563 0.613
22 25 0.563 0.638
22 26 0.563 0.663
22 27 0.563 0.688
22 28 0.563 0.713
22 53 0.563 1.338
23 27 0.588 0.688
23 28 0.588 0.713
23 29 0.588 0.738
23 30 0.588 0.763
23 31 0.588 0.788
23 32 0.588 0.813
23 52 0.588 1.313
24 30 0.613 0.763
24 31 0.613 0.788
24 32 0.613 0.813
24 33 0.613 0.838
24 34 0.613 0.863
24 35 0.613 0.888
24 36 0.613 0.913
24 51 0.613 1.288
25 33 0.638 0.838
25 34 0.638 0.863
25 35 0.638 0.888
25 36 0.638 0.913
25 37 0.638 0.938
25 38 0.638 0.963
25 39 0.638 0.988
26 37 0.663 0.938
26 38 0.663 0.963
26 39 0.663 0.988
26 40 0.663 1.013
26 41 0.663 1.038
26 42 0.663 1.063
26 43 0.663 1.088
27 40 0.688 1.013
27 41 0.688 1.038
27 42 0.688 1.063
27 43 0.688 1.088
27 44 0.688 1.113
27 45 0.688 1.138
27 46 0.688 1.163
27 47 0.688 1.188
27 49 0.688 1.238
28 43 0.713 1.088
28 44 0.713 1.113
28 45 0.713 1.138
28 46 0.713 1.163
28 47 0.713 1.188
28 48 0.713 1.213
29 46 0.738 1.163
29 47 0.738 1.188
-24 -4 -0.588 -0.088
-24 -3 -0.588 -0.063
-23 0 -0.563 0.013
-22 3 -0.538 0.088
-15 20 -0.363 0.513
-14 20 -0.338 0.513
-7 19 -0.163 0.488
-6 19 -0.138 0.488
-5 19 -0.113 0.488
-4 19 -0.088 0.488
-2 -14 -0.038 -0.338
1 -15 0.038 -0.363
4 -16 0.113 -0.388
7 -17 0.188 -0.413
9 -18 0.238 -0.438
10 -18 0.263 -0.438
12 -19 0.313 -0.463
13 -19 0.338 -0.463
14 -19 0.363 -0.463
15 -20 0.388 -0.488
16 -20 0.413 -0.488
24 2 0.613 0.063
24 3 0.613 0.088
11 24 0.288 0.613
14 23 0.363 0.588
17 22 0.438 0.563
19 21 0.488 0.538
20 21 0.513 0.538
20 55 0.513 1.388
21 21 0.538 0.538
21 54 0.538 1.363
22 21 0.563 0.538
22 22 0.563 0.563
22 23 0.563 0.588
22 54 0.563 1.363
23 23 0.588 0.588
23 24 0.588 0.613
23 25 0.588 0.638
23 26 0.588 0.663
23 53 0.588 1.338
24 25 0.613 0.638
24 26 0.613 0.663
24 27 0.613 0.688
24 28 0.613 0.713
24 29 0.613 0.738
24 52 0.613 1.313
25 28 0.638 0.713
25 29 0.638 0.738
25 30 0.638 0.763
25 31 0.638 0.788
25 32 0.638 0.813
25 51 0.638 1.288
26 31 0.663 0.788
26 32 0.663 0.813
26 33 0.663 0.838
26 34 0.663 0.863
26 35 0.663 0.888
26 36 0.663 0.913
26 50 0.663 1.263
27 34 0.688 0.863
27 35 0.688 0.888
27 36 0.688 0.913
27 37 0.688 0.938
27 38 0.688 0.963
27 39 0.688 0.988
28 36 0.713 0.913
28 37 0.713 0.938
28 38 0.713 0.963
28 39 0.713 0.988
28 40 0.713 1.013
28 41 0.713 1.038
28 42 0.713 1.063
29 39 0.738 0.988
29 40 0.738 1.013
29 41 0.738 1.038
29 42 0.738 1.063
29 43 0.738 1.088
29 44 0.738 1.113
29 45 0.738 1.138
30 42 0.763 1.063
30 43 0.763 1.088
30 44 0.763 1.113
30 45 0.763 1.138
30 46 0.763 1.163
30 47 0.763 1.188
31 45 0.788 1.138
31 46 0.788 1.163
-25 -4 -0.613 -0.088
-24 -2 -0.588 -0.038
-24 -1 -0.588 -0.013
-23 1 -0.563 0.038
-22 4 -0.538 0.113
-13 20 -0.313 0.513
-12 20 -0.288 0.513
-11 20 -0.263 0.513
-10 20 -0.238 0.513
-9 20 -0.213 0.513
-3 19 -0.063 0.488
-2 19 -0.038 0.488
0 -15 0.013 -0.363
3 -16 0.088 -0.388
5 -17 0.138 -0.413
6 -17 0.163 -0.413
7 -18 0.188 -0.438
8 -18 0.213 -0.438
10 -19 0.263 -0.463
11 -19 0.288 -0.463
12 -20 0.313 -0.488
13 -20 0.338 -0.488
14 -20 0.363 -0.488
23 -1 0.588 -0.013
25 4 0.638 0.113
13 23 0.338 0.588
15 22 0.388 0.563
16 22 0.413 0.563
18 21 0.463 0.538
20 20 0.513 0.513
21 20 0.538 0.513
22 20 0.563 0.513
23 20 0.588 0.513
23 21 0.588 0.538
23 22 0.588 0.563
23 54 0.588 1.363
24 22 0.613 0.563
24 23 0.613 0.588
24 24 0.613 0.613
24 53 0.613 1.338
25 25 0.638 0.638
25 26 0.638 0.663
25 27 0.638 0.688
25 52 0.638 1.313
26 27 0.663 0.688
26 28 0.663 0.713
26 29 0.663 0.738
26 30 0.663 0.763
26 51 0.663 1.288
27 30 0.688 0.763
27 31 0.688 0.788
27 32 0.688 0.813
27 33 0.688 0.838
27 50 0.688 1.263
28 32 0.713 0.813
28 33 0.713 0.838
28 34 0.713 0.863
28 35 0.713 0.888
28 49 0.713 1.238
29 35 0.738 0.888
29 36 0.738 0.913
29 37 0.738 0.938
29 38 0.738 0.963
29 48 0.738 1.213
30 37 0.763 0.938
30 38 0.763 0.963
30 39 0.763 0.988
30 40 0.763 1.013
30 41 0.763 1.038
31 39 0.788 0.988
31 40 0.788 1.013
31 41 0.788 1.038
31 42 0.788 1.063
31 43 0.788 1.088
31 44 0.788 1.113
32 42 0.813 1.063
32 43 0.813 1.088
32 44 0.813 1.113
32 45 0.813 1.138
