-17 15 -0.413 0.388
-21 14 -0.513 0.363
-20 15 -0.488 0.388
-19 15 -0.463 0.388
-18 15 -0.438 0.388
-17 16 -0.413 0.413
-16 16 -0.388 0.413
-15 16 -0.363 0.413
-14 16 -0.338 0.413
-13 17 -0.313 0.438
-12 17 -0.288 0.438
-11 17 -0.263 0.438
-10 17 -0.238 0.438
-9 18 -0.213 0.463
-8 18 -0.188 0.463
-7 18 -0.163 0.463
-6 18 -0.138 0.463
-5 19 -0.113 0.488
-4 19 -0.088 0.488
-3 19 -0.063 0.488
-2 19 -0.038 0.488
-1 20 -0.013 0.513
0 20 0.013 0.513
1 19 0.038 0.488
2 19 0.063 0.488
3 19 0.088 0.488
4 19 0.113 0.488
5 18 0.138 0.463
6 18 0.163 0.463
7 18 0.188 0.463
8 18 0.213 0.463
9 17 0.238 0.438
10 17 0.263 0.438
11 17 0.288 0.438
12 17 0.313 0.438
13 16 0.338 0.413
14 16 0.363 0.413
15 16 0.388 0.413
16 16 0.413 0.413
17 15 0.438 0.388
18 15 0.463 0.388
19 15 0.488 0.388
20 15 0.513 0.388
21 14 0.538 0.363
-13 55 -0.313 1.388
-12 55 -0.288 1.388
-11 55 -0.263 1.388
-10 56 -0.238 1.413
-9 56 -0.213 1.413
-8 57 -0.188 1.438
-7 57 -0.163 1.438
-6 57 -0.138 1.438
-5 58 -0.113 1.463
-4 58 -0.088 1.463
-3 59 -0.063 1.488
-2 59 -0.038 1.488
-1 60 -0.013 1.513
0 60 0.013 1.513
1 59 0.038 1.488
2 59 0.063 1.488
3 59 0.088 1.488
4 58 0.113 1.463
5 58 0.138 1.463
6 57 0.163 1.438
7 57 0.188 1.438
8 57 0.213 1.438
9 56 0.238 1.413
10 56 0.263 1.413
11 55 0.288 1.388
12 55 0.313 1.388
13 55 0.338 1.388
-21 15 -0.513 0.388
-19 16 -0.463 0.413
-18 16 -0.438 0.413
-15 17 -0.363 0.438
-14 17 -0.338 0.438
-11 18 -0.263 0.463
-10 18 -0.238 0.463
-7 19 -0.163 0.488
-6 19 -0.138 0.488
-4 20 -0.088 0.513
-3 20 -0.063 0.513
-2 20 -0.038 0.513
1 20 0.038 0.513
2 20 0.063 0.513
3 20 0.088 0.513
5 19 0.138 0.488
6 19 0.163 0.488
7 19 0.188 0.488
9 18 0.238 0.463
10 18 0.263 0.463
11 18 0.288 0.463
13 17 0.338 0.438
14 17 0.363 0.438
15 17 0.388 0.438
17 16 0.438 0.413
18 16 0.463 0.413
19 16 0.488 0.413
21 15 0.538 0.388
-12 56 -0.288 1.413
-11 56 -0.263 1.413
-9 57 -0.213 1.438
-7 58 -0.163 1.463
-6 58 -0.138 1.463
-5 59 -0.113 1.488
-4 59 -0.088 1.488
-2 60 -0.038 1.513
1 60 0.038 1.513
2 60 0.063 1.513
4 59 0.113 1.488
6 58 0.163 1.463
7 58 0.188 1.463
9 57 0.238 1.438
11 56 0.288 1.413
12 56 0.313 1.413
-21 16 -0.513 0.413
-20 16 -0.488 0.413
-19 17 -0.463 0.438
-18 17 -0.438 0.438
-17 17 -0.413 0.438
-16 17 -0.388 0.438
-15 18 -0.363 0.463
-14 18 -0.338 0.463
-13 18 -0.313 0.463
-12 18 -0.288 0.463
-11 19 -0.263 0.488
-10 19 -0.238 0.488
-9 19 -0.213 0.488
-8 19 -0.188 0.488
-7 20 -0.163 0.513
-6 20 -0.138 0.513
-5 20 -0.113 0.513
-4 21 -0.088 0.538
-3 21 -0.063 0.538
-2 21 -0.038 0.538
-1 21 -0.013 0.538
0 21 0.013 0.538
1 21 0.038 0.538
2 21 0.063 0.538
3 21 0.088 0.538
4 20 0.113 0.513
5 20 0.138 0.513
6 20 0.163 0.513
7 20 0.188 0.513
8 19 0.213 0.488
9 19 0.238 0.488
10 19 0.263 0.488
11 19 0.288 0.488
12 18 0.313 0.463
13 18 0.338 0.463
14 18 0.363 0.463
15 18 0.388 0.463
16 17 0.413 0.438
17 17 0.438 0.438
18 17 0.463 0.438
19 17 0.488 0.438
20 16 0.513 0.413
21 16 0.538 0.413
-13 56 -0.313 1.413
-12 57 -0.288 1.438
-11 57 -0.263 1.438
-10 57 -0.238 1.438
-9 58 -0.213 1.463
-8 58 -0.188 1.463
-7 59 -0.163 1.488
-6 59 -0.138 1.488
-5 60 -0.113 1.513
-4 60 -0.088 1.513
-3 60 -0.063 1.513
-2 61 -0.038 1.538
-1 61 -0.013 1.538
0 61 0.013 1.538
1 61 0.038 1.538
2 61 0.063 1.538
3 60 0.088 1.513
4 60 0.113 1.513
5 59 0.138 1.488
6 59 0.163 1.488
7 59 0.188 1.488
8 58 0.213 1.463
9 58 0.238 1.463
10 57 0.263 1.438
11 57 0.288 1.438
12 57 0.313 1.438
13 56 0.338 1.413
-22 9 -0.538 0.238
-22 10 -0.538 0.263
-22 11 -0.538 0.288
-22 12 -0.538 0.313
-22 13 -0.538 0.338
-22 14 -0.538 0.363
-22 15 -0.538 0.388
-22 16 -0.538 0.413
-20 17 -0.488 0.438
-17 18 -0.413 0.463
-16 18 -0.388 0.463
-14 19 -0.338 0.488
-13 19 -0.313 0.488
-12 19 -0.288 0.488
-10 20 -0.238 0.513
-9 20 -0.213 0.513
-8 20 -0.188 0.513
-7 21 -0.163 0.538
-6 21 -0.138 0.538
-5 21 -0.113 0.538
-4 22 -0.088 0.563
-3 22 -0.063 0.563
-2 22 -0.038 0.563
-1 22 -0.013 0.563
0 22 0.013 0.563
1 22 0.038 0.563
2 22 0.063 0.563
3 22 0.088 0.563
4 21 0.113 0.538
5 21 0.138 0.538
6 21 0.163 0.538
7 21 0.188 0.538
8 20 0.213 0.513
8 21 0.213 0.538
9 20 0.238 0.513
10 20 0.263 0.513
11 20 0.288 0.513
12 19 0.313 0.488
12 20 0.313 0.513
13 19 0.338 0.488
13 20 0.338 0.513
14 19 0.363 0.488
15 19 0.388 0.488
16 18 0.413 0.463
16 19 0.413 0.488
17 18 0.438 0.463
17 19 0.438 0.488
18 18 0.463 0.463
18 19 0.463 0.488
19 18 0.488 0.463
20 17 0.513 0.438
20 18 0.513 0.463
21 17 0.538 0.438
21 18 0.538 0.463
22 -8 0.563 -0.188
22 -7 0.563 -0.163
22 -6 0.563 -0.138
22 -5 0.563 -0.113
22 -4 0.563 -0.088
22 -3 0.563 -0.063
22 -2 0.563 -0.038
22 -1 0.563 -0.013
-16 50 -0.388 1.263
-16 51 -0.388 1.288
-16 52 -0.388 1.313
-16 53 -0.388 1.338
-16 54 -0.388 1.363
-16 55 -0.388 1.388
-16 56 -0.388 1.413
-15 43 -0.363 1.088
-15 44 -0.363 1.113
-15 45 -0.363 1.138
-15 46 -0.363 1.163
-15 47 -0.363 1.188
-15 48 -0.363 1.213
-15 49 -0.363 1.238
-15 50 -0.363 1.263
-15 51 -0.363 1.288
-15 52 -0.363 1.313
-15 53 -0.363 1.338
-15 54 -0.363 1.363
-15 55 -0.363 1.388
-15 56 -0.363 1.413
-15 57 -0.363 1.438
-15 36 -0.363 0.913
-15 37 -0.363 0.938
-15 38 -0.363 0.963
-15 39 -0.363 0.988
-15 40 -0.363 1.013
-15 41 -0.363 1.038
-15 42 -0.363 1.063
-15 30 -0.363 0.763
-15 31 -0.363 0.788
-15 32 -0.363 0.813
-15 33 -0.363 0.838
-15 34 -0.363 0.863
-15 35 -0.363 0.888
-14 30 -0.338 0.763
-14 31 -0.338 0.788
-14 32 -0.338 0.813
-14 33 -0.338 0.838
-14 34 -0.338 0.863
-14 35 -0.338 0.888
-14 36 -0.338 0.913
-14 37 -0.338 0.938
-14 38 -0.338 0.963
-14 39 -0.338 0.988
-14 40 -0.338 1.013
-14 41 -0.338 1.038
-14 42 -0.338 1.063
-14 43 -0.338 1.088
-14 44 -0.338 1.113
-14 45 -0.338 1.138
-14 46 -0.338 1.163
-14 47 -0.338 1.188
-14 48 -0.338 1.213
-14 49 -0.338 1.238
-14 50 -0.338 1.263
-14 51 -0.338 1.288
-14 52 -0.338 1.313
-14 53 -0.338 1.338
-14 54 -0.338 1.363
-14 55 -0.338 1.388
-14 56 -0.338 1.413
-14 57 -0.338 1.438
-13 57 -0.313 1.438
-13 58 -0.313 1.463
-12 58 -0.288 1.463
-11 58 -0.263 1.463
-11 59 -0.263 1.488
-10 58 -0.238 1.463
-10 59 -0.238 1.488
-9 59 -0.213 1.488
-9 60 -0.213 1.513
-8 59 -0.188 1.488
-8 60 -0.188 1.513
-7 60 -0.163 1.513
-7 61 -0.163 1.538
-6 60 -0.138 1.513
-6 61 -0.138 1.538
-5 61 -0.113 1.538
-5 62 -0.113 1.563
-4 61 -0.088 1.538
-4 62 -0.088 1.563
-3 61 -0.063 1.538
-3 62 -0.063 1.563
-2 62 -0.038 1.563
-1 62 -0.013 1.563
5 60 0.138 1.513
8 59 0.213 1.488
10 58 0.263 1.463
11 58 0.288 1.463
-23 13 -0.563 0.338
-23 14 -0.563 0.363
-23 15 -0.563 0.388
-22 7 -0.538 0.188
-22 8 -0.538 0.213
-22 4 -0.538 0.113
-22 5 -0.538 0.138
-22 6 -0.538 0.163
-12 20 -0.288 0.513
-11 20 -0.263 0.513
-9 21 -0.213 0.538
-8 21 -0.188 0.538
-6 22 -0.138 0.563
-5 22 -0.113 0.563
-4 23 -0.088 0.588
-3 23 -0.063 0.588
-2 23 -0.038 0.588
-1 23 -0.013 0.588
0 23 0.013 0.588
1 23 0.038 0.588
4 22 0.113 0.563
5 22 0.138 0.563
6 22 0.163 0.563
7 22 0.188 0.563
8 22 0.213 0.563
9 21 0.238 0.538
9 22 0.238 0.563
10 21 0.263 0.538
11 21 0.288 0.538
12 21 0.313 0.538
13 21 0.338 0.538
14 20 0.363 0.513
14 21 0.363 0.538
15 20 0.388 0.513
15 21 0.388 0.538
16 20 0.413 0.513
16 21 0.413 0.538
17 20 0.438 0.513
18 20 0.463 0.513
19 19 0.488 0.488
19 20 0.488 0.513
20 19 0.513 0.488
22 0 0.563 0.013
22 1 0.563 0.038
22 2 0.563 0.063
-19 53 -0.463 1.338
-19 54 -0.463 1.363
-19 55 -0.463 1.388
-19 56 -0.463 1.413
-19 50 -0.463 1.263
-19 51 -0.463 1.288
-19 52 -0.463 1.313
-19 48 -0.463 1.213
-19 49 -0.463 1.238
-18 45 -0.438 1.138
-18 46 -0.438 1.163
-18 47 -0.438 1.188
-18 48 -0.438 1.213
-18 49 -0.438 1.238
-18 50 -0.438 1.263
-18 51 -0.438 1.288
-18 52 -0.438 1.313
-18 53 -0.438 1.338
-18 54 -0.438 1.363
-18 55 -0.438 1.388
-18 56 -0.438 1.413
-18 57 -0.438 1.438
-18 42 -0.438 1.063
-18 43 -0.438 1.088
-18 44 -0.438 1.113
-18 39 -0.438 0.988
-18 40 -0.438 1.013
-18 41 -0.438 1.038
-17 36 -0.413 0.913
-17 37 -0.413 0.938
-17 38 -0.413 0.963
-17 39 -0.413 0.988
-17 40 -0.413 1.013
-17 41 -0.413 1.038
-17 42 -0.413 1.063
-17 43 -0.413 1.088
-17 44 -0.413 1.113
-17 45 -0.413 1.138
-17 46 -0.413 1.163
-17 47 -0.413 1.188
-17 48 -0.413 1.213
-17 49 -0.413 1.238
-17 50 -0.413 1.263
-17 51 -0.413 1.288
-17 52 -0.413 1.313
-17 53 -0.413 1.338
-17 54 -0.413 1.363
-17 55 -0.413 1.388
-17 56 -0.413 1.413
-17 57 -0.413 1.438
-17 34 -0.413 0.863
-17 35 -0.413 0.888
-17 31 -0.413 0.788
-17 32 -0.413 0.813
-17 33 -0.413 0.838
-16 30 -0.388 0.763
-16 31 -0.388 0.788
-16 32 -0.388 0.813
-16 33 -0.388 0.838
-16 34 -0.388 0.863
-16 35 -0.388 0.888
-16 36 -0.388 0.913
-16 37 -0.388 0.938
-16 38 -0.388 0.963
-16 39 -0.388 0.988
-16 40 -0.388 1.013
-16 41 -0.388 1.038
-16 42 -0.388 1.063
-16 43 -0.388 1.088
-16 44 -0.388 1.113
-16 45 -0.388 1.138
-16 46 -0.388 1.163
-16 47 -0.388 1.188
-16 48 -0.388 1.213
-16 49 -0.388 1.238
-16 57 -0.388 1.438
-16 58 -0.388 1.463
-15 58 -0.363 1.463
-15 59 -0.363 1.488
-14 58 -0.338 1.463
-14 59 -0.338 1.488
-13 59 -0.313 1.488
-13 60 -0.313 1.513
-12 59 -0.288 1.488
-12 60 -0.288 1.513
-11 60 -0.263 1.513
-11 61 -0.263 1.538
-10 60 -0.238 1.513
-10 61 -0.238 1.538
-9 61 -0.213 1.538
-9 62 -0.213 1.563
-8 61 -0.188 1.538
-8 62 -0.188 1.563
-8 63 -0.188 1.588
-7 62 -0.163 1.563
-7 63 -0.163 1.588
-6 62 -0.138 1.563
-23 11 -0.563 0.288
-23 12 -0.563 0.313
-23 10 -0.563 0.263
-15 19 -0.363 0.488
-13 20 -0.313 0.513
-11 21 -0.263 0.538
-10 21 -0.238 0.538
-9 22 -0.213 0.563
-8 22 -0.188 0.563
-7 22 -0.163 0.563
-6 23 -0.138 0.588
-5 23 -0.113 0.588
-4 24 -0.088 0.613
-3 24 -0.063 0.613
-2 24 -0.038 0.613
-1 24 -0.013 0.613
2 23 0.063 0.588
3 23 0.088 0.588
4 23 0.113 0.588
5 23 0.138 0.588
6 23 0.163 0.588
7 23 0.188 0.588
8 23 0.213 0.588
9 23 0.238 0.588
10 22 0.263 0.563
10 23 0.263 0.588
11 22 0.288 0.563
11 23 0.288 0.588
12 22 0.313 0.563
12 23 0.313 0.588
13 22 0.338 0.563
13 23 0.338 0.588
14 22 0.363 0.563
14 23 0.363 0.588
15 22 0.388 0.563
15 23 0.388 0.588
16 22 0.413 0.563
16 23 0.413 0.588
17 21 0.438 0.538
17 22 0.438 0.563
17 23 0.438 0.588
18 21 0.463 0.538
18 22 0.463 0.563
19 21 0.488 0.538
22 3 0.563 0.088
22 4 0.563 0.113
22 5 0.563 0.138
23 -4 0.588 -0.088
23 -3 0.588 -0.063
23 -2 0.588 -0.038
23 -1 0.588 -0.013
23 0 0.588 0.013
-23 54 -0.563 1.363
-23 55 -0.563 1.388
-23 52 -0.563 1.313
-23 53 -0.563 1.338
-23 56 -0.563 1.413
-22 50 -0.538 1.263
-22 51 -0.538 1.288
-22 52 -0.538 1.313
-22 53 -0.538 1.338
-22 54 -0.538 1.363
-22 55 -0.538 1.388
-22 56 -0.538 1.413
-22 48 -0.538 1.213
-22 49 -0.538 1.238
-22 47 -0.538 1.188
-21 45 -0.513 1.138
-21 46 -0.513 1.163
-21 47 -0.513 1.188
-21 48 -0.513 1.213
-21 49 -0.513 1.238
-21 50 -0.513 1.263
-21 51 -0.513 1.288
-21 52 -0.513 1.313
-21 53 -0.513 1.338
-21 54 -0.513 1.363
-21 55 -0.513 1.388
-21 56 -0.513 1.413
-21 43 -0.513 1.088
-21 44 -0.513 1.113
-21 57 -0.513 1.438
-21 41 -0.513 1.038
-21 42 -0.513 1.063
-20 40 -0.488 1.013
-20 41 -0.488 1.038
-20 42 -0.488 1.063
-20 43 -0.488 1.088
-20 44 -0.488 1.113
-20 45 -0.488 1.138
-20 46 -0.488 1.163
-20 47 -0.488 1.188
-20 48 -0.488 1.213
-20 49 -0.488 1.238
-20 50 -0.488 1.263
-20 51 -0.488 1.288
-20 52 -0.488 1.313
-20 53 -0.488 1.338
-20 54 -0.488 1.363
-20 55 -0.488 1.388
-20 56 -0.488 1.413
-20 57 -0.488 1.438
-20 38 -0.488 0.963
-20 39 -0.488 0.988
-20 36 -0.488 0.913
-20 37 -0.488 0.938
-20 58 -0.488 1.463
-19 34 -0.463 0.863
-19 35 -0.463 0.888
-19 36 -0.463 0.913
-19 37 -0.463 0.938
-19 38 -0.463 0.963
-19 39 -0.463 0.988
-19 40 -0.463 1.013
-19 41 -0.463 1.038
-19 42 -0.463 1.063
-19 43 -0.463 1.088
-19 44 -0.463 1.113
-19 45 -0.463 1.138
-19 46 -0.463 1.163
-19 47 -0.463 1.188
-19 57 -0.463 1.438
-19 58 -0.463 1.463
-19 33 -0.463 0.838
-19 31 -0.463 0.788
-19 32 -0.463 0.813
-18 29 -0.438 0.738
-18 30 -0.438 0.763
-18 31 -0.438 0.788
-18 32 -0.438 0.813
-18 33 -0.438 0.838
-18 34 -0.438 0.863
-18 35 -0.438 0.888
-18 36 -0.438 0.913
-18 37 -0.438 0.938
-18 38 -0.438 0.963
-18 58 -0.438 1.463
-18 59 -0.438 1.488
-17 29 -0.413 0.738
-17 30 -0.413 0.763
-17 58 -0.413 1.463
-17 59 -0.413 1.488
-17 60 -0.413 1.513
-16 59 -0.388 1.488
-16 60 -0.388 1.513
-15 60 -0.363 1.513
-15 61 -0.363 1.538
-14 60 -0.338 1.513
-14 61 -0.338 1.538
-14 62 -0.338 1.563
-13 61 -0.313 1.538
-13 62 -0.313 1.563
-12 61 -0.288 1.538
-12 62 -0.288 1.563
-12 63 -0.288 1.588
-11 62 -0.263 1.563
-11 63 -0.263 1.588
-10 62 -0.238 1.563
-10 63 -0.238 1.588
-24 13 -0.588 0.338
-24 14 -0.588 0.363
-24 12 -0.588 0.313
-24 10 -0.588 0.263
-24 11 -0.588 0.288
-23 9 -0.563 0.238
-23 8 -0.563 0.213
-23 6 -0.563 0.163
-23 7 -0.563 0.188
-22 3 -0.538 0.088
-18 18 -0.438 0.463
-16 19 -0.388 0.488
-14 20 -0.338 0.513
-12 21 -0.288 0.538
-11 22 -0.263 0.563
-10 22 -0.238 0.563
-9 23 -0.213 0.588
-8 23 -0.188 0.588
-7 23 -0.163 0.588
-7 24 -0.163 0.613
-6 24 -0.138 0.613
-5 24 -0.113 0.613
0 24 0.013 0.613
1 24 0.038 0.613
2 24 0.063 0.613
3 24 0.088 0.613
4 24 0.113 0.613
5 24 0.138 0.613
6 24 0.163 0.613
7 24 0.188 0.613
8 24 0.213 0.613
9 24 0.238 0.613
10 24 0.263 0.613
11 24 0.288 0.613
12 24 0.313 0.613
12 25 0.313 0.638
13 24 0.338 0.613
13 25 0.338 0.638
14 24 0.363 0.613
14 25 0.363 0.638
15 24 0.388 0.613
15 25 0.388 0.638
16 24 0.413 0.613
16 25 0.413 0.638
17 24 0.438 0.613
17 25 0.438 0.638
22 6 0.563 0.163
23 1 0.588 0.038
23 2 0.588 0.063
-27 53 -0.663 1.338
-27 54 -0.663 1.363
-27 55 -0.663 1.388
-26 52 -0.638 1.313
-26 53 -0.638 1.338
-26 54 -0.638 1.363
-26 55 -0.638 1.388
-26 51 -0.638 1.288
-26 50 -0.638 1.263
-25 48 -0.613 1.213
-25 49 -0.613 1.238
-25 50 -0.613 1.263
-25 51 -0.613 1.288
-25 52 -0.613 1.313
-25 53 -0.613 1.338
-25 54 -0.613 1.363
-25 55 -0.613 1.388
-25 56 -0.613 1.413
-25 47 -0.613 1.188
-25 46 -0.613 1.163
-24 45 -0.588 1.138
-24 46 -0.588 1.163
-24 47 -0.588 1.188
-24 48 -0.588 1.213
-24 49 -0.588 1.238
-24 50 -0.588 1.263
-24 51 -0.588 1.288
-24 52 -0.588 1.313
-24 53 -0.588 1.338
-24 54 -0.588 1.363
-24 55 -0.588 1.388
-24 56 -0.588 1.413
-24 43 -0.588 1.088
-24 44 -0.588 1.113
-24 57 -0.588 1.438
-24 42 -0.588 1.063
-23 41 -0.563 1.038
-23 42 -0.563 1.063
-23 43 -0.563 1.088
-23 44 -0.563 1.113
-23 45 -0.563 1.138
-23 46 -0.563 1.163
-23 47 -0.563 1.188
-23 48 -0.563 1.213
-23 49 -0.563 1.238
-23 50 -0.563 1.263
-23 51 -0.563 1.288
-23 57 -0.563 1.438
-23 39 -0.563 0.988
-23 40 -0.563 1.013
-23 38 -0.563 0.963
-23 58 -0.563 1.463
-22 37 -0.538 0.938
-22 38 -0.538 0.963
-22 39 -0.538 0.988
-22 40 -0.538 1.013
-22 41 -0.538 1.038
-22 42 -0.538 1.063
-22 43 -0.538 1.088
-22 44 -0.538 1.113
-22 45 -0.538 1.138
-22 46 -0.538 1.163
-22 57 -0.538 1.438
-22 58 -0.538 1.463
-22 36 -0.538 0.913
-22 34 -0.538 0.863
-22 35 -0.538 0.888
-21 33 -0.513 0.838
-21 34 -0.513 0.863
-21 35 -0.513 0.888
-21 36 -0.513 0.913
-21 37 -0.513 0.938
-21 38 -0.513 0.963
-21 39 -0.513 0.988
-21 40 -0.513 1.013
-21 58 -0.513 1.463
-21 59 -0.513 1.488
-21 32 -0.513 0.813
-21 30 -0.513 0.763
-21 31 -0.513 0.788
-20 29 -0.488 0.738
-20 30 -0.488 0.763
-20 31 -0.488 0.788
-20 32 -0.488 0.813
-20 33 -0.488 0.838
-20 34 -0.488 0.863
-20 35 -0.488 0.888
-20 59 -0.488 1.488
-20 60 -0.488 1.513
-19 29 -0.463 0.738
-19 30 -0.463 0.763
-19 59 -0.463 1.488
-19 60 -0.463 1.513
-19 61 -0.463 1.538
-18 60 -0.438 1.513
-18 61 -0.438 1.538
-18 62 -0.438 1.563
-17 61 -0.413 1.538
-17 62 -0.413 1.563
-16 61 -0.388 1.538
-16 62 -0.388 1.563
-16 63 -0.388 1.588
-15 62 -0.363 1.563
-15 63 -0.363 1.588
-14 63 -0.338 1.588
-13 63 -0.313 1.588
-25 12 -0.613 0.313
-25 13 -0.613 0.338
-25 11 -0.613 0.288
-24 9 -0.588 0.238
-24 8 -0.588 0.213
-23 5 -0.563 0.138
-22 2 -0.538 0.063
-17 19 -0.413 0.488
-15 20 -0.363 0.513
-13 21 -0.313 0.538
-12 22 -0.288 0.563
-10 23 -0.238 0.588
-9 24 -0.213 0.613
-8 24 -0.188 0.613
-7 25 -0.163 0.638
-6 25 -0.138 0.638
-5 25 -0.113 0.638
-4 25 -0.088 0.638
-3 25 -0.063 0.638
-2 25 -0.038 0.638
-1 25 -0.013 0.638
0 25 0.013 0.638
1 25 0.038 0.638
2 25 0.063 0.638
3 25 0.088 0.638
3 26 0.088 0.663
4 25 0.113 0.638
4 26 0.113 0.663
5 25 0.138 0.638
5 26 0.138 0.663
6 25 0.163 0.638
6 26 0.163 0.663
7 25 0.188 0.638
7 26 0.188 0.663
8 25 0.213 0.638
8 26 0.213 0.663
9 25 0.238 0.638
9 26 0.238 0.663
10 25 0.263 0.638
10 26 0.263 0.663
11 25 0.288 0.638
11 26 0.288 0.663
12 26 0.313 0.663
13 26 0.338 0.663
14 26 0.363 0.663
15 26 0.388 0.663
15 27 0.388 0.688
22 7 0.563 0.188
23 3 0.588 0.088
23 4 0.588 0.113
24 1 0.613 0.038
-30 53 -0.738 1.338
-30 54 -0.738 1.363
-30 52 -0.738 1.313
-29 51 -0.713 1.288
-29 52 -0.713 1.313
-29 53 -0.713 1.338
-29 54 -0.713 1.363
-29 50 -0.713 1.263
-29 49 -0.713 1.238
-29 55 -0.713 1.388
-28 48 -0.688 1.213
-28 49 -0.688 1.238
-28 50 -0.688 1.263
-28 51 -0.688 1.288
-28 52 -0.688 1.313
-28 53 -0.688 1.338
-28 54 -0.688 1.363
-28 55 -0.688 1.388
-28 47 -0.688 1.188
-28 46 -0.688 1.163
-28 56 -0.688 1.413
-27 45 -0.663 1.138
-27 46 -0.663 1.163
-27 47 -0.663 1.188
-27 48 -0.663 1.213
-27 49 -0.663 1.238
-27 50 -0.663 1.263
-27 51 -0.663 1.288
-27 52 -0.663 1.313
-27 56 -0.663 1.413
-27 44 -0.663 1.113
-27 43 -0.663 1.088
-26 42 -0.638 1.063
-26 43 -0.638 1.088
-26 44 -0.638 1.113
-26 45 -0.638 1.138
-26 46 -0.638 1.163
-26 47 -0.638 1.188
-26 48 -0.638 1.213
-26 49 -0.638 1.238
-26 56 -0.638 1.413
-26 57 -0.638 1.438
-26 41 -0.638 1.038
-26 40 -0.638 1.013
-25 39 -0.613 0.988
-25 40 -0.613 1.013
-25 41 -0.613 1.038
-25 42 -0.613 1.063
-25 43 -0.613 1.088
-25 44 -0.613 1.113
-25 45 -0.613 1.138
-25 57 -0.613 1.438
-25 58 -0.613 1.463
-25 38 -0.613 0.963
-25 37 -0.613 0.938
-24 36 -0.588 0.913
-24 37 -0.588 0.938
-24 38 -0.588 0.963
-24 39 -0.588 0.988
-24 40 -0.588 1.013
-24 41 -0.588 1.038
-24 58 -0.588 1.463
-24 35 -0.588 0.888
-24 59 -0.588 1.488
-24 34 -0.588 0.863
-23 33 -0.563 0.838
-23 34 -0.563 0.863
-23 35 -0.563 0.888
-23 36 -0.563 0.913
-23 37 -0.563 0.938
-23 59 -0.563 1.488
-23 32 -0.563 0.813
-23 60 -0.563 1.513
-23 31 -0.563 0.788
-22 30 -0.538 0.763
-22 31 -0.538 0.788
-22 32 -0.538 0.813
-22 33 -0.538 0.838
-22 59 -0.538 1.488
-22 60 -0.538 1.513
-22 29 -0.538 0.738
-22 61 -0.538 1.538
-22 28 -0.538 0.713
-21 28 -0.513 0.713
-21 29 -0.513 0.738
-21 60 -0.513 1.513
-21 61 -0.513 1.538
-21 62 -0.513 1.563
-20 61 -0.488 1.538
-20 62 -0.488 1.563
-19 62 -0.463 1.563
-26 11 -0.638 0.288
-26 12 -0.638 0.313
-25 10 -0.613 0.263
-25 9 -0.613 0.238
-24 7 -0.588 0.188
-23 4 -0.563 0.113
-16 20 -0.388 0.513
-14 21 -0.338 0.538
-13 22 -0.313 0.563
-12 23 -0.288 0.588
-11 23 -0.263 0.588
-10 24 -0.238 0.613
-9 25 -0.213 0.638
-8 25 -0.188 0.638
-5 26 -0.113 0.663
-4 26 -0.088 0.663
-3 26 -0.063 0.663
-2 26 -0.038 0.663
-1 26 -0.013 0.663
0 26 0.013 0.663
1 26 0.038 0.663
2 26 0.063 0.663
14 27 0.363 0.688
14 28 0.363 0.713
22 8 0.563 0.213
22 9 0.563 0.238
23 5 0.588 0.138
23 6 0.588 0.163
24 4 0.613 0.113
-33 51 -0.813 1.288
-33 52 -0.813 1.313
-33 53 -0.813 1.338
-33 50 -0.813 1.263
-32 49 -0.788 1.238
-32 50 -0.788 1.263
-32 51 -0.788 1.288
-32 52 -0.788 1.313
-32 53 -0.788 1.338
-32 48 -0.788 1.213
-32 54 -0.788 1.363
-32 47 -0.788 1.188
-31 47 -0.763 1.188
-31 48 -0.763 1.213
-31 49 -0.763 1.238
-31 50 -0.763 1.263
-31 51 -0.763 1.288
-31 52 -0.763 1.313
-31 53 -0.763 1.338
-31 54 -0.763 1.363
-31 46 -0.763 1.163
-31 55 -0.763 1.388
-31 45 -0.763 1.138
-30 44 -0.738 1.113
-30 45 -0.738 1.138
-30 46 -0.738 1.163
-30 47 -0.738 1.188
-30 48 -0.738 1.213
-30 49 -0.738 1.238
-30 50 -0.738 1.263
-30 51 -0.738 1.288
-30 55 -0.738 1.388
-30 43 -0.738 1.088
-30 56 -0.738 1.413
-29 42 -0.713 1.063
-29 43 -0.713 1.088
-29 44 -0.713 1.113
-29 45 -0.713 1.138
-29 46 -0.713 1.163
-29 47 -0.713 1.188
-29 48 -0.713 1.213
-29 56 -0.713 1.413
-29 41 -0.713 1.038
-29 57 -0.713 1.438
-29 40 -0.713 1.013
-28 39 -0.688 0.988
-28 40 -0.688 1.013
-28 41 -0.688 1.038
-28 42 -0.688 1.063
-28 43 -0.688 1.088
-28 44 -0.688 1.113
-28 45 -0.688 1.138
-28 57 -0.688 1.438
-28 58 -0.688 1.463
-28 38 -0.688 0.963
-27 37 -0.663 0.938
-27 38 -0.663 0.963
-27 39 -0.663 0.988
-27 40 -0.663 1.013
-27 41 -0.663 1.038
-27 42 -0.663 1.063
-27 57 -0.663 1.438
-27 58 -0.663 1.463
-27 36 -0.663 0.913
-27 59 -0.663 1.488
-27 35 -0.663 0.888
-26 35 -0.638 0.888
-26 36 -0.638 0.913
-26 37 -0.638 0.938
-26 38 -0.638 0.963
-26 39 -0.638 0.988
-26 58 -0.638 1.463
-26 59 -0.638 1.488
-26 34 -0.638 0.863
-26 60 -0.638 1.513
-26 33 -0.638 0.838
-25 32 -0.613 0.813
-25 33 -0.613 0.838
-25 34 -0.613 0.863
-25 35 -0.613 0.888
-25 36 -0.613 0.913
-25 59 -0.613 1.488
-25 60 -0.613 1.513
-25 31 -0.613 0.788
-25 61 -0.613 1.538
-24 30 -0.588 0.763
-24 31 -0.588 0.788
-24 32 -0.588 0.813
-24 33 -0.588 0.838
-24 60 -0.588 1.513
-24 61 -0.588 1.538
-24 29 -0.588 0.738
-24 62 -0.588 1.563
-24 28 -0.588 0.713
-23 28 -0.563 0.713
-23 29 -0.563 0.738
-23 30 -0.563 0.763
-23 61 -0.563 1.538
-23 62 -0.563 1.563
-22 62 -0.538 1.563
