-21 14 -0.513 0.363
-20 14 -0.488 0.363
-19 14 -0.463 0.363
-18 14 -0.438 0.363
-17 14 -0.413 0.363
-16 14 -0.388 0.363
-15 14 -0.363 0.363
-14 14 -0.338 0.363
-13 14 -0.313 0.363
-12 14 -0.288 0.363
-11 14 -0.263 0.363
-10 14 -0.238 0.363
-9 14 -0.213 0.363
-8 14 -0.188 0.363
-7 14 -0.163 0.363
-6 14 -0.138 0.363
-5 14 -0.113 0.363
-4 14 -0.088 0.363
-3 14 -0.063 0.363
-2 14 -0.038 0.363
-1 14 -0.013 0.363
0 14 0.013 0.363
1 14 0.038 0.363
2 14 0.063 0.363
3 14 0.088 0.363
4 14 0.113 0.363
5 14 0.138 0.363
6 14 0.163 0.363
7 14 0.188 0.363
8 14 0.213 0.363
9 14 0.238 0.363
10 14 0.263 0.363
11 14 0.288 0.363
12 14 0.313 0.363
13 14 0.338 0.363
14 14 0.363 0.363
15 14 0.388 0.363
16 14 0.413 0.363
17 14 0.438 0.363
18 14 0.463 0.363
19 14 0.488 0.363
20 14 0.513 0.363
21 14 0.538 0.363
-13 -26 -0.313 -0.638
-12 -26 -0.288 -0.638
-11 -26 -0.263 -0.638
-10 -26 -0.238 -0.638
-9 -26 -0.213 -0.638
-8 -26 -0.188 -0.638
-7 -26 -0.163 -0.638
-6 -26 -0.138 -0.638
-5 -26 -0.113 -0.638
-4 -26 -0.088 -0.638
-3 -26 -0.063 -0.638
-2 -26 -0.038 -0.638
-1 -26 -0.013 -0.638
0 -26 0.013 -0.638
1 -26 0.038 -0.638
2 -26 0.063 -0.638
3 -26 0.088 -0.638
4 -26 0.113 -0.638
5 -26 0.138 -0.638
6 -26 0.163 -0.638
7 -26 0.188 -0.638
8 -26 0.213 -0.638
9 -26 0.238 -0.638
10 -26 0.263 -0.638
11 -26 0.288 -0.638
12 -26 0.313 -0.638
13 -26 0.338 -0.638
