-5 25 -0.113 0.638
-4 25 -0.088 0.638
-3 24 -0.063 0.613
-2 23 -0.038 0.588
-1 23 -0.013 0.588
0 22 0.013 0.563
1 22 0.038 0.563
2 21 0.063 0.538
3 20 0.088 0.513
4 20 0.113 0.513
5 19 0.138 0.488
6 19 0.163 0.488
7 18 0.188 0.463
8 17 0.213 0.438
8 18 0.213 0.463
9 17 0.238 0.438
10 16 0.263 0.413
11 16 0.288 0.413
12 15 0.313 0.388
13 15 0.338 0.388
14 13 0.363 0.338
14 14 0.363 0.363
15 12 0.388 0.313
16 10 0.413 0.263
16 11 0.413 0.288
17 8 0.438 0.213
17 9 0.438 0.238
18 7 0.463 0.188
19 5 0.488 0.138
19 6 0.488 0.163
20 3 0.513 0.088
20 4 0.513 0.113
21 2 0.538 0.063
22 0 0.563 0.013
22 1 0.563 0.038
23 -2 0.588 -0.038
23 -1 0.588 -0.013
24 -3 0.613 -0.063
25 -5 0.638 -0.113
25 -4 0.638 -0.088
29 48 0.738 1.213
30 47 0.763 1.188
31 47 0.788 1.188
32 47 0.813 1.188
33 46 0.838 1.163
34 46 0.863 1.163
35 45 0.888 1.138
36 45 0.913 1.138
37 45 0.938 1.138
38 44 0.963 1.113
39 44 0.988 1.113
40 43 1.013 1.088
41 43 1.038 1.088
42 42 1.063 1.063
43 40 1.088 1.013
43 41 1.088 1.038
44 37 1.113 0.938
44 38 1.113 0.963
45 35 1.138 0.888
45 36 1.138 0.913
46 33 1.163 0.838
46 34 1.163 0.863
47 30 1.188 0.763
47 31 1.188 0.788
47 32 1.188 0.813
48 29 1.213 0.738
-4 26 -0.088 0.663
-3 25 -0.063 0.638
-2 24 -0.038 0.613
-2 25 -0.038 0.638
-1 24 -0.013 0.613
0 23 0.013 0.588
1 23 0.038 0.588
2 22 0.063 0.563
3 21 0.088 0.538
3 22 0.088 0.563
4 21 0.113 0.538
5 20 0.138 0.513
6 20 0.163 0.513
7 19 0.188 0.488
8 19 0.213 0.488
9 18 0.238 0.463
10 17 0.263 0.438
11 17 0.288 0.438
12 16 0.313 0.413
13 16 0.338 0.413
14 15 0.363 0.388
15 13 0.388 0.338
15 14 0.388 0.363
16 12 0.413 0.313
17 10 0.438 0.263
17 11 0.438 0.288
18 8 0.463 0.213
18 9 0.463 0.238
19 7 0.488 0.188
20 5 0.513 0.138
20 6 0.513 0.163
21 3 0.538 0.088
21 4 0.538 0.113
22 2 0.563 0.063
23 0 0.588 0.013
23 1 0.588 0.038
24 -2 0.613 -0.038
24 -1 0.613 -0.013
25 -3 0.638 -0.063
26 -4 0.663 -0.088
30 48 0.763 1.213
31 48 0.788 1.213
32 48 0.813 1.213
33 47 0.838 1.188
34 47 0.863 1.188
35 46 0.888 1.163
36 46 0.913 1.163
38 45 0.963 1.138
39 45 0.988 1.138
40 44 1.013 1.113
41 44 1.038 1.113
42 43 1.063 1.088
43 42 1.088 1.063
43 43 1.088 1.088
44 39 1.113 0.988
44 40 1.113 1.013
44 41 1.113 1.038
45 37 1.138 0.938
45 38 1.138 0.963
46 35 1.163 0.888
46 36 1.163 0.913
47 33 1.188 0.838
47 34 1.188 0.863
48 30 1.213 0.763
48 31 1.213 0.788
48 32 1.213 0.813
-3 26 -0.063 0.663
-2 26 -0.038 0.663
-1 25 -0.013 0.638
0 24 0.013 0.613
1 24 0.038 0.613
2 23 0.063 0.588
3 23 0.088 0.588
4 22 0.113 0.563
5 21 0.138 0.538
6 21 0.163 0.538
7 20 0.188 0.513
8 20 0.213 0.513
9 19 0.238 0.488
10 18 0.263 0.463
11 18 0.288 0.463
12 17 0.313 0.438
13 17 0.338 0.438
14 16 0.363 0.413
15 15 0.388 0.388
15 16 0.388 0.413
16 13 0.413 0.338
16 14 0.413 0.363
17 12 0.438 0.313
17 13 0.438 0.338
18 10 0.463 0.263
18 11 0.463 0.288
19 8 0.488 0.213
19 9 0.488 0.238
20 7 0.513 0.188
20 8 0.513 0.213
21 5 0.538 0.138
21 6 0.538 0.163
22 3 0.563 0.088
22 4 0.563 0.113
23 2 0.588 0.063
23 3 0.588 0.088
24 0 0.613 0.013
24 1 0.613 0.038
25 -2 0.638 -0.038
25 -1 0.638 -0.013
26 -3 0.663 -0.063
26 -2 0.663 -0.038
30 49 0.763 1.238
31 49 0.788 1.238
33 48 0.838 1.213
34 48 0.863 1.213
35 47 0.888 1.188
36 47 0.913 1.188
37 46 0.938 1.163
38 46 0.963 1.163
39 46 0.988 1.163
40 45 1.013 1.138
41 45 1.038 1.138
42 44 1.063 1.113
43 44 1.088 1.113
44 42 1.113 1.063
44 43 1.113 1.088
45 39 1.138 0.988
45 40 1.138 1.013
45 41 1.138 1.038
46 37 1.163 0.938
46 38 1.163 0.963
47 35 1.188 0.888
47 36 1.188 0.913
48 33 1.213 0.838
48 34 1.213 0.863
49 30 1.238 0.763
49 31 1.238 0.788
-3 27 -0.063 0.688
-2 27 -0.038 0.688
-1 26 -0.013 0.663
0 25 0.013 0.638
1 25 0.038 0.638
2 24 0.063 0.613
3 24 0.088 0.613
4 23 0.113 0.588
5 22 0.138 0.563
6 22 0.163 0.563
7 21 0.188 0.538
8 21 0.213 0.538
9 20 0.238 0.513
10 19 0.263 0.488
10 20 0.263 0.513
11 19 0.288 0.488
12 18 0.313 0.463
13 18 0.338 0.463
14 17 0.363 0.438
15 17 0.388 0.438
16 15 0.413 0.388
16 16 0.413 0.413
17 14 0.438 0.363
18 12 0.463 0.313
18 13 0.463 0.338
19 10 0.488 0.263
19 11 0.488 0.288
20 9 0.513 0.238
21 7 0.538 0.188
21 8 0.538 0.213
22 5 0.563 0.138
22 6 0.563 0.163
23 4 0.588 0.113
24 2 0.613 0.063
24 3 0.613 0.088
25 0 0.638 0.013
25 1 0.638 0.038
26 -1 0.663 -0.013
27 -3 0.688 -0.063
27 -2 0.688 -0.038
31 50 0.788 1.263
32 49 0.813 1.238
33 49 0.838 1.238
34 49 0.863 1.238
35 48 0.888 1.213
36 48 0.913 1.213
37 47 0.938 1.188
38 47 0.963 1.188
39 47 0.988 1.188
40 46 1.013 1.163
41 46 1.038 1.163
42 45 1.063 1.138
43 45 1.088 1.138
44 44 1.113 1.113
45 42 1.138 1.063
45 43 1.138 1.088
46 39 1.163 0.988
46 40 1.163 1.013
47 37 1.188 0.938
47 38 1.188 0.963
48 35 1.213 0.888
48 36 1.213 0.913
49 32 1.238 0.813
49 33 1.238 0.838
49 34 1.238 0.863
50 31 1.263 0.788
-2 28 -0.038 0.713
-1 27 -0.013 0.688
0 26 0.013 0.663
0 27 0.013 0.688
1 26 0.038 0.663
2 25 0.063 0.638
3 25 0.088 0.638
4 24 0.113 0.613
5 23 0.138 0.588
5 24 0.138 0.613
6 23 0.163 0.588
7 22 0.188 0.563
8 22 0.213 0.563
9 21 0.238 0.538
10 21 0.263 0.538
11 20 0.288 0.513
12 19 0.313 0.488
13 19 0.338 0.488
14 18 0.363 0.463
15 18 0.388 0.463
16 17 0.413 0.438
17 15 0.438 0.388
17 16 0.438 0.413
18 14 0.463 0.363
19 12 0.488 0.313
19 13 0.488 0.338
20 10 0.513 0.263
20 11 0.513 0.288
21 9 0.538 0.238
22 7 0.563 0.188
22 8 0.563 0.213
23 5 0.588 0.138
23 6 0.588 0.163
24 4 0.613 0.113
25 2 0.638 0.063
25 3 0.638 0.088
26 0 0.663 0.013
26 1 0.663 0.038
27 -1 0.688 -0.013
28 -2 0.713 -0.038
32 50 0.813 1.263
33 50 0.838 1.263
34 50 0.863 1.263
35 49 0.888 1.238
36 49 0.913 1.238
37 48 0.938 1.213
38 48 0.963 1.213
40 47 1.013 1.188
41 47 1.038 1.188
42 46 1.063 1.163
43 46 1.088 1.163
44 45 1.113 1.138
45 44 1.138 1.113
45 45 1.138 1.138
46 41 1.163 1.038
46 42 1.163 1.063
46 43 1.163 1.088
47 39 1.188 0.988
47 40 1.188 1.013
48 37 1.213 0.938
48 38 1.213 0.963
49 35 1.238 0.888
49 36 1.238 0.913
50 32 1.263 0.813
50 33 1.263 0.838
50 34 1.263 0.863
-1 28 -0.013 0.713
0 28 0.013 0.713
1 27 0.038 0.688
2 26 0.063 0.663
3 26 0.088 0.663
4 25 0.113 0.638
5 25 0.138 0.638
6 24 0.163 0.613
7 23 0.188 0.588
8 23 0.213 0.588
9 22 0.238 0.563
10 22 0.263 0.563
11 21 0.288 0.538
12 20 0.313 0.513
13 20 0.338 0.513
14 19 0.363 0.488
15 19 0.388 0.488
16 18 0.413 0.463
17 17 0.438 0.438
17 18 0.438 0.463
18 15 0.463 0.388
18 16 0.463 0.413
19 14 0.488 0.363
19 15 0.488 0.388
20 12 0.513 0.313
20 13 0.513 0.338
21 10 0.538 0.263
21 11 0.538 0.288
22 9 0.563 0.238
22 10 0.563 0.263
23 7 0.588 0.188
23 8 0.588 0.213
24 5 0.613 0.138
24 6 0.613 0.163
25 4 0.638 0.113
25 5 0.638 0.138
26 2 0.663 0.063
26 3 0.663 0.088
27 0 0.688 0.013
27 1 0.688 0.038
28 -1 0.713 -0.013
28 0 0.713 0.013
32 51 0.813 1.288
33 51 0.838 1.288
35 50 0.888 1.263
36 50 0.913 1.263
37 49 0.938 1.238
38 49 0.963 1.238
39 48 0.988 1.213
40 48 1.013 1.213
41 48 1.038 1.213
42 47 1.063 1.188
43 47 1.088 1.188
44 46 1.113 1.163
45 46 1.138 1.163
46 44 1.163 1.113
46 45 1.163 1.138
47 41 1.188 1.038
47 42 1.188 1.063
47 43 1.188 1.088
48 39 1.213 0.988
48 40 1.213 1.013
49 37 1.238 0.938
49 38 1.238 0.963
50 35 1.263 0.888
50 36 1.263 0.913
51 32 1.288 0.813
51 33 1.288 0.838
-1 29 -0.013 0.738
0 29 0.013 0.738
1 28 0.038 0.713
2 27 0.063 0.688
3 27 0.088 0.688
4 26 0.113 0.663
5 26 0.138 0.663
6 25 0.163 0.638
7 24 0.188 0.613
8 24 0.213 0.613
9 23 0.238 0.588
10 23 0.263 0.588
11 22 0.288 0.563
12 21 0.313 0.538
12 22 0.313 0.563
13 21 0.338 0.538
14 20 0.363 0.513
15 20 0.388 0.513
16 19 0.413 0.488
17 19 0.438 0.488
18 17 0.463 0.438
18 18 0.463 0.463
19 16 0.488 0.413
20 14 0.513 0.363
20 15 0.513 0.388
21 12 0.538 0.313
21 13 0.538 0.338
22 11 0.563 0.288
23 9 0.588 0.238
23 10 0.588 0.263
24 7 0.613 0.188
24 8 0.613 0.213
25 6 0.638 0.163
26 4 0.663 0.113
26 5 0.663 0.138
27 2 0.688 0.063
27 3 0.688 0.088
28 1 0.713 0.038
29 -1 0.738 -0.013
29 0 0.738 0.013
33 52 0.838 1.313
34 51 0.863 1.288
35 51 0.888 1.288
36 51 0.913 1.288
37 50 0.938 1.263
38 50 0.963 1.263
39 49 0.988 1.238
40 49 1.013 1.238
41 49 1.038 1.238
42 48 1.063 1.213
43 48 1.088 1.213
44 47 1.113 1.188
45 47 1.138 1.188
46 46 1.163 1.163
47 44 1.188 1.113
47 45 1.188 1.138
48 41 1.213 1.038
48 42 1.213 1.063
49 39 1.238 0.988
49 40 1.238 1.013
50 37 1.263 0.938
50 38 1.263 0.963
51 34 1.288 0.863
51 35 1.288 0.888
51 36 1.288 0.913
52 33 1.313 0.838
0 30 0.013 0.763
1 29 0.038 0.738
2 28 0.063 0.713
2 29 0.063 0.738
3 28 0.088 0.713
4 27 0.113 0.688
5 27 0.138 0.688
6 26 0.163 0.663
7 25 0.188 0.638
7 26 0.188 0.663
8 25 0.213 0.638
9 24 0.238 0.613
10 24 0.263 0.613
11 23 0.288 0.588
12 23 0.313 0.588
13 22 0.338 0.563
14 21 0.363 0.538
15 21 0.388 0.538
16 20 0.413 0.513
19 17 0.488 0.438
20 16 0.513 0.413
21 14 0.538 0.363
21 15 0.538 0.388
22 12 0.563 0.313
22 13 0.563 0.338
23 11 0.588 0.288
24 9 0.613 0.238
24 10 0.613 0.263
25 7 0.638 0.188
25 8 0.638 0.213
26 6 0.663 0.163
27 4 0.688 0.113
27 5 0.688 0.138
28 2 0.713 0.063
28 3 0.713 0.088
29 1 0.738 0.038
30 0 0.763 0.013
34 52 0.863 1.313
35 52 0.888 1.313
36 52 0.913 1.313
37 51 0.938 1.288
38 51 0.963 1.288
39 50 0.988 1.263
40 50 1.013 1.263
42 49 1.063 1.238
43 49 1.088 1.238
44 48 1.113 1.213
45 48 1.138 1.213
46 47 1.163 1.188
47 46 1.188 1.163
47 47 1.188 1.188
48 43 1.213 1.088
48 44 1.213 1.113
48 45 1.213 1.138
49 41 1.238 1.038
49 42 1.238 1.063
50 39 1.263 0.988
50 40 1.263 1.013
51 37 1.288 0.938
51 38 1.288 0.963
52 34 1.313 0.863
52 35 1.313 0.888
52 36 1.313 0.913
1 30 0.038 0.763
2 30 0.063 0.763
3 29 0.088 0.738
4 28 0.113 0.713
5 28 0.138 0.713
6 27 0.163 0.688
7 27 0.188 0.688
8 26 0.213 0.663
9 25 0.238 0.638
10 25 0.263 0.638
11 24 0.288 0.613
12 24 0.313 0.613
13 23 0.338 0.588
14 22 0.363 0.563
22 14 0.563 0.363
23 12 0.588 0.313
23 13 0.588 0.338
24 11 0.613 0.288
24 12 0.613 0.313
25 9 0.638 0.238
25 10 0.638 0.263
26 7 0.663 0.188
26 8 0.663 0.213
27 6 0.688 0.163
27 7 0.688 0.188
28 4 0.713 0.113
28 5 0.713 0.138
29 2 0.738 0.063
29 3 0.738 0.088
30 1 0.763 0.038
30 2 0.763 0.063
34 53 0.863 1.338
35 53 0.888 1.338
37 52 0.938 1.313
38 52 0.963 1.313
39 51 0.988 1.288
40 51 1.013 1.288
41 50 1.038 1.263
42 50 1.063 1.263
43 50 1.088 1.263
44 49 1.113 1.238
45 49 1.138 1.238
46 48 1.163 1.213
47 48 1.188 1.213
48 46 1.213 1.163
48 47 1.213 1.188
49 43 1.238 1.088
49 44 1.238 1.113
49 45 1.238 1.138
50 41 1.263 1.038
50 42 1.263 1.063
51 39 1.288 0.988
51 40 1.288 1.013
52 37 1.313 0.938
52 38 1.313 0.963
53 34 1.338 0.863
53 35 1.338 0.888
