-1 -19 -0.013 -0.463
10 -16 0.263 -0.388
14 -13 0.363 -0.313
17 16 0.438 0.413
18 -10 0.463 -0.238
18 14 0.463 0.363
19 11 0.488 0.288
20 9 0.513 0.238
22 -7 0.563 -0.163
22 4 0.563 0.113
24 -1 0.613 -0.013
25 -3 0.638 -0.063
24 -54 0.613 -1.338
25 -53 0.638 -1.313
25 -24 0.638 -0.588
26 -52 0.663 -1.288
27 -51 0.688 -1.263
27 -29 0.688 -0.713
28 -50 0.713 -1.238
29 -49 0.738 -1.213
29 -34 0.738 -0.838
30 -48 0.763 -1.188
30 -36 0.763 -0.888
31 -47 0.788 -1.163
32 -46 0.813 -1.138
32 -41 0.813 -1.013
33 -45 0.838 -1.113
33 -44 0.838 -1.088
-14 -21 -0.338 -0.513
-13 -21 -0.313 -0.513
-12 -21 -0.288 -0.513
-7 -20 -0.163 -0.488
-6 -20 -0.138 -0.488
0 -19 0.013 -0.463
1 -19 0.038 -0.463
6 -18 0.163 -0.438
7 -18 0.188 -0.438
9 -17 0.238 -0.413
12 -15 0.313 -0.363
13 -14 0.338 -0.338
16 -12 0.413 -0.288
17 -11 0.438 -0.263
20 -9 0.513 -0.213
21 -8 0.538 -0.188
24 -6 0.613 -0.138
25 -5 0.638 -0.113
8 -55 0.213 -1.363
9 -55 0.238 -1.363
10 -55 0.263 -1.363
11 -55 0.288 -1.363
12 -55 0.313 -1.363
13 -55 0.338 -1.363
14 -55 0.363 -1.363
15 -55 0.388 -1.363
16 -55 0.413 -1.363
17 -55 0.438 -1.363
18 -55 0.463 -1.363
19 -55 0.488 -1.363
20 -55 0.513 -1.363
21 -55 0.538 -1.363
22 -55 0.563 -1.363
23 -55 0.588 -1.363
-15 -21 -0.363 -0.513
-11 -21 -0.263 -0.513
-10 -21 -0.238 -0.513
-5 -20 -0.113 -0.488
-4 -20 -0.088 -0.488
2 -19 0.063 -0.463
3 -19 0.088 -0.463
8 -18 0.213 -0.438
11 -16 0.288 -0.388
15 -13 0.388 -0.313
19 -10 0.488 -0.238
23 -7 0.588 -0.163
-3 -20 -0.063 -0.488
10 -17 0.263 -0.413
14 -14 0.363 -0.338
16 19 0.413 0.488
18 -11 0.463 -0.263
22 -8 0.563 -0.188
23 2 0.588 0.063
24 -55 0.613 -1.363
25 -54 0.638 -1.338
26 -53 0.663 -1.313
27 -52 0.688 -1.288
28 -51 0.713 -1.263
29 -50 0.738 -1.238
30 -49 0.763 -1.213
31 -48 0.788 -1.188
32 -47 0.813 -1.163
33 -46 0.838 -1.138
-9 -21 -0.213 -0.513
-8 -21 -0.188 -0.513
-2 -20 -0.038 -0.488
-1 -20 -0.013 -0.488
4 -19 0.113 -0.463
5 -19 0.138 -0.463
6 -19 0.163 -0.463
9 -18 0.238 -0.438
13 -15 0.338 -0.363
17 -12 0.438 -0.288
21 -9 0.538 -0.213
25 -6 0.638 -0.138
-14 -22 -0.338 -0.538
-13 -22 -0.313 -0.538
-12 -22 -0.288 -0.538
-7 -21 -0.163 -0.513
-6 -21 -0.138 -0.513
-5 -21 -0.113 -0.513
0 -20 0.013 -0.488
1 -20 0.038 -0.488
7 -19 0.188 -0.463
8 -19 0.213 -0.463
11 -17 0.288 -0.413
12 -16 0.313 -0.388
15 -14 0.388 -0.338
16 -13 0.413 -0.313
19 -11 0.488 -0.263
20 -10 0.513 -0.238
23 -8 0.588 -0.188
24 -7 0.613 -0.163
2 -20 0.063 -0.488
10 -18 0.263 -0.438
14 -15 0.363 -0.363
18 -12 0.463 -0.288
21 7 0.538 0.188
22 -9 0.563 -0.213
26 -6 0.663 -0.138
26 -5 0.663 -0.113
9 -56 0.238 -1.388
10 -56 0.263 -1.388
11 -56 0.288 -1.388
12 -56 0.313 -1.388
13 -56 0.338 -1.388
14 -56 0.363 -1.388
15 -56 0.388 -1.388
16 -56 0.413 -1.388
17 -56 0.438 -1.388
18 -56 0.463 -1.388
19 -56 0.488 -1.388
20 -56 0.513 -1.388
21 -56 0.538 -1.388
22 -56 0.563 -1.388
23 -56 0.588 -1.388
24 -56 0.613 -1.388
25 -55 0.638 -1.363
26 -54 0.663 -1.338
27 -53 0.688 -1.313
28 -52 0.713 -1.288
28 -31 0.713 -0.763
29 -51 0.738 -1.263
30 -50 0.763 -1.238
31 -49 0.788 -1.213
32 -48 0.813 -1.188
33 -47 0.838 -1.163
33 -43 0.838 -1.063
-11 -22 -0.263 -0.538
-10 -22 -0.238 -0.538
-9 -22 -0.213 -0.538
-4 -21 -0.088 -0.513
-3 -21 -0.063 -0.513
3 -20 0.088 -0.488
4 -20 0.113 -0.488
9 -19 0.238 -0.463
13 -16 0.338 -0.388
17 -13 0.438 -0.313
21 -10 0.538 -0.238
25 -7 0.638 -0.163
-8 -22 -0.188 -0.538
-7 -22 -0.163 -0.538
-2 -21 -0.038 -0.513
-1 -21 -0.013 -0.513
5 -20 0.138 -0.488
6 -20 0.163 -0.488
12 -17 0.313 -0.413
16 -14 0.413 -0.338
20 -11 0.513 -0.263
24 -8 0.613 -0.188
