-4 22 -0.088 0.563
-2 23 -0.038 0.588
1 24 0.038 0.613
2 -23 0.063 -0.563
3 25 0.088 0.638
7 22 0.188 0.563
8 21 0.213 0.538
10 18 0.263 0.463
11 17 0.288 0.438
12 16 0.313 0.413
13 14 0.338 0.363
14 13 0.363 0.338
15 12 0.388 0.313
16 10 0.413 0.263
16 11 0.413 0.288
17 9 0.438 0.238
18 5 0.463 0.138
18 6 0.463 0.163
18 7 0.463 0.188
18 8 0.463 0.213
19 -2 0.488 -0.038
19 -1 0.488 -0.013
19 0 0.488 0.013
19 1 0.488 0.038
19 2 0.488 0.063
19 3 0.488 0.088
20 -9 0.513 -0.213
20 -8 0.513 -0.188
20 -7 0.513 -0.163
20 -6 0.513 -0.138
20 -5 0.513 -0.113
20 -4 0.513 -0.088
20 -3 0.513 -0.063
21 -14 0.538 -0.338
21 -13 0.538 -0.313
21 -12 0.538 -0.288
21 -11 0.538 -0.263
21 -10 0.538 -0.238
21 -9 0.538 -0.213
21 -8 0.538 -0.188
22 -14 0.563 -0.338
20 24 0.513 0.613
21 24 0.538 0.613
22 25 0.563 0.638
23 25 0.588 0.638
24 25 0.613 0.638
24 26 0.613 0.663
25 26 0.638 0.663
26 26 0.663 0.663
27 27 0.688 0.688
28 27 0.713 0.688
29 27 0.738 0.688
29 28 0.738 0.713
30 28 0.763 0.713
31 28 0.788 0.713
31 29 0.788 0.738
32 29 0.813 0.738
33 29 0.838 0.738
33 30 0.838 0.763
34 29 0.863 0.738
34 30 0.863 0.763
35 30 0.888 0.763
36 30 0.913 0.763
36 31 0.913 0.788
37 31 0.938 0.788
38 31 0.963 0.788
38 32 0.963 0.813
39 32 0.988 0.813
40 32 1.013 0.813
40 33 1.013 0.838
41 32 1.038 0.813
41 33 1.038 0.838
42 33 1.063 0.838
42 34 1.063 0.863
43 33 1.088 0.838
43 34 1.088 0.863
44 33 1.113 0.838
44 34 1.113 0.863
45 33 1.138 0.838
46 32 1.163 0.813
47 31 1.188 0.788
47 32 1.188 0.813
48 30 1.213 0.763
48 31 1.213 0.788
49 29 1.238 0.738
49 30 1.238 0.763
50 28 1.263 0.713
50 29 1.263 0.738
51 27 1.288 0.688
51 28 1.288 0.713
52 26 1.313 0.663
52 27 1.313 0.688
53 25 1.338 0.638
53 26 1.338 0.663
54 24 1.363 0.613
54 25 1.363 0.638
55 10 1.388 0.263
55 11 1.388 0.288
55 12 1.388 0.313
-9 20 -0.213 0.513
-7 21 -0.163 0.538
-5 22 -0.113 0.563
-3 23 -0.063 0.588
-1 24 -0.013 0.613
0 -24 0.013 -0.588
0 24 0.013 0.613
1 25 0.038 0.638
2 25 0.063 0.638
3 26 0.088 0.663
4 26 0.113 0.663
5 25 0.138 0.638
9 20 0.238 0.513
10 19 0.263 0.488
11 18 0.288 0.463
13 15 0.338 0.388
14 14 0.363 0.363
15 13 0.388 0.338
16 12 0.413 0.313
17 10 0.438 0.263
17 11 0.438 0.288
18 9 0.463 0.238
19 4 0.488 0.113
19 5 0.488 0.138
20 -2 0.513 -0.038
20 -1 0.513 -0.013
20 0 0.513 0.013
20 1 0.513 0.038
21 -7 0.538 -0.163
21 -6 0.538 -0.138
21 -5 0.538 -0.113
21 -4 0.538 -0.088
22 -13 0.563 -0.313
22 -12 0.563 -0.288
22 -11 0.563 -0.263
22 -10 0.563 -0.238
22 -9 0.563 -0.213
20 25 0.513 0.638
21 25 0.538 0.638
22 26 0.563 0.663
23 26 0.588 0.663
24 27 0.613 0.688
25 27 0.638 0.688
26 27 0.663 0.688
26 28 0.663 0.713
27 28 0.688 0.713
28 28 0.713 0.713
28 29 0.713 0.738
29 29 0.738 0.738
30 29 0.763 0.738
30 30 0.763 0.763
31 30 0.788 0.763
32 30 0.813 0.763
32 31 0.813 0.788
33 31 0.838 0.788
34 31 0.863 0.788
34 32 0.863 0.813
35 31 0.888 0.788
35 32 0.888 0.813
36 32 0.913 0.813
36 33 0.913 0.838
37 32 0.938 0.813
37 33 0.938 0.838
38 33 0.963 0.838
38 34 0.963 0.863
39 33 0.988 0.838
39 34 0.988 0.863
40 34 1.013 0.863
41 34 1.038 0.863
41 35 1.038 0.888
42 35 1.063 0.888
43 35 1.088 0.888
43 36 1.088 0.913
44 35 1.113 0.888
44 36 1.113 0.913
45 34 1.138 0.863
45 35 1.138 0.888
46 33 1.163 0.838
46 34 1.163 0.863
47 33 1.188 0.838
48 32 1.213 0.813
49 31 1.238 0.788
50 30 1.263 0.763
51 29 1.288 0.738
51 30 1.288 0.763
52 28 1.313 0.713
52 29 1.313 0.738
53 27 1.338 0.688
53 28 1.338 0.713
54 26 1.363 0.663
54 27 1.363 0.688
55 13 1.388 0.338
55 14 1.388 0.363
55 15 1.388 0.388
55 16 1.388 0.413
55 17 1.388 0.438
55 18 1.388 0.463
6 24 0.163 0.613
7 23 0.188 0.588
8 22 0.213 0.563
9 21 0.238 0.538
10 20 0.263 0.513
11 19 0.288 0.488
12 17 0.313 0.438
13 16 0.338 0.413
14 15 0.363 0.388
15 14 0.388 0.363
16 13 0.413 0.338
17 12 0.438 0.313
18 10 0.463 0.263
18 11 0.463 0.288
19 6 0.488 0.163
19 7 0.488 0.188
19 8 0.488 0.213
20 2 0.513 0.063
20 3 0.513 0.088
20 4 0.513 0.113
21 -3 0.538 -0.063
21 -2 0.538 -0.038
21 -1 0.538 -0.013
21 0 0.538 0.013
22 -8 0.563 -0.188
22 -7 0.563 -0.163
22 -6 0.563 -0.138
22 -5 0.563 -0.113
22 -4 0.563 -0.088
23 -12 0.588 -0.288
23 -11 0.588 -0.263
23 -10 0.588 -0.238
23 -9 0.588 -0.213
23 -8 0.588 -0.188
19 25 0.488 0.638
20 26 0.513 0.663
21 26 0.538 0.663
22 27 0.563 0.688
23 27 0.588 0.688
23 28 0.588 0.713
24 28 0.613 0.713
25 28 0.638 0.713
25 29 0.638 0.738
26 29 0.663 0.738
27 29 0.688 0.738
27 30 0.688 0.763
28 30 0.713 0.763
29 30 0.738 0.763
29 31 0.738 0.788
30 31 0.763 0.788
31 31 0.788 0.788
31 32 0.788 0.813
32 32 0.813 0.813
33 32 0.838 0.813
33 33 0.838 0.838
34 33 0.863 0.838
35 33 0.888 0.838
35 34 0.888 0.863
36 34 0.913 0.863
37 34 0.938 0.863
37 35 0.938 0.888
38 35 0.963 0.888
39 35 0.988 0.888
39 36 0.988 0.913
40 35 1.013 0.888
40 36 1.013 0.913
41 36 1.038 0.913
41 37 1.038 0.938
42 36 1.063 0.913
42 37 1.063 0.938
43 37 1.088 0.938
43 38 1.088 0.963
44 37 1.113 0.938
45 36 1.138 0.913
46 35 1.163 0.888
47 34 1.188 0.863
48 33 1.213 0.838
48 34 1.213 0.863
49 32 1.238 0.813
49 33 1.238 0.838
50 31 1.263 0.788
50 32 1.263 0.813
51 31 1.288 0.788
52 30 1.313 0.763
53 29 1.338 0.738
54 28 1.363 0.713
55 19 1.388 0.488
-6 22 -0.138 0.563
-4 23 -0.088 0.588
-2 24 -0.038 0.613
0 25 0.013 0.638
2 26 0.063 0.663
3 -23 0.088 -0.563
3 27 0.088 0.688
12 18 0.313 0.463
13 17 0.338 0.438
14 16 0.363 0.413
15 15 0.388 0.388
16 14 0.413 0.363
17 13 0.438 0.338
18 12 0.463 0.313
19 9 0.488 0.238
19 10 0.488 0.263
20 5 0.513 0.138
20 6 0.513 0.163
21 1 0.538 0.038
21 2 0.538 0.063
21 3 0.538 0.088
22 -3 0.563 -0.063
22 -2 0.563 -0.038
22 -1 0.563 -0.013
23 -7 0.588 -0.163
23 -6 0.588 -0.138
23 -5 0.588 -0.113
24 -11 0.613 -0.263
24 -10 0.613 -0.238
24 -9 0.613 -0.213
24 -8 0.613 -0.188
19 26 0.488 0.663
20 27 0.513 0.688
21 27 0.538 0.688
22 28 0.563 0.713
23 29 0.588 0.738
24 29 0.613 0.738
25 30 0.638 0.763
26 30 0.663 0.763
27 31 0.688 0.788
28 31 0.713 0.788
29 32 0.738 0.813
30 32 0.763 0.813
30 33 0.763 0.838
31 33 0.788 0.838
32 33 0.813 0.838
32 34 0.813 0.863
33 34 0.838 0.863
34 34 0.863 0.863
34 35 0.863 0.888
35 35 0.888 0.888
36 35 0.913 0.888
36 36 0.913 0.913
37 36 0.938 0.913
37 37 0.938 0.938
38 36 0.963 0.913
38 37 0.963 0.938
39 37 0.988 0.938
39 38 0.988 0.963
40 37 1.013 0.938
40 38 1.013 0.963
41 38 1.038 0.963
41 39 1.038 0.988
42 38 1.063 0.963
42 39 1.063 0.988
43 39 1.088 0.988
44 38 1.113 0.963
45 37 1.138 0.938
45 38 1.138 0.963
46 36 1.163 0.913
46 37 1.163 0.938
47 35 1.188 0.888
47 36 1.188 0.913
48 35 1.213 0.888
49 34 1.238 0.863
50 33 1.263 0.838
50 34 1.263 0.863
51 32 1.288 0.813
51 33 1.288 0.838
52 31 1.313 0.788
52 32 1.313 0.813
53 30 1.338 0.763
53 31 1.338 0.788
54 29 1.363 0.738
55 20 1.388 0.513
55 21 1.388 0.538
55 22 1.388 0.563
-1 25 -0.013 0.638
1 26 0.038 0.663
4 27 0.113 0.688
5 -22 0.138 -0.538
5 26 0.138 0.663
6 25 0.163 0.638
7 -21 0.188 -0.513
7 24 0.188 0.613
8 23 0.213 0.588
9 22 0.238 0.563
10 21 0.263 0.538
11 20 0.288 0.513
12 19 0.313 0.488
13 18 0.338 0.463
14 17 0.363 0.438
15 16 0.388 0.413
16 15 0.413 0.388
17 14 0.438 0.363
18 13 0.463 0.338
19 11 0.488 0.288
19 12 0.488 0.313
20 7 0.513 0.188
20 8 0.513 0.213
20 9 0.513 0.238
21 4 0.538 0.113
21 5 0.538 0.138
21 6 0.538 0.163
22 0 0.563 0.013
22 1 0.563 0.038
22 2 0.563 0.063
23 -4 0.588 -0.088
23 -3 0.588 -0.063
23 -2 0.588 -0.038
23 -1 0.588 -0.013
24 -7 0.613 -0.163
24 -6 0.613 -0.138
24 -5 0.613 -0.113
24 -4 0.613 -0.088
25 -10 0.638 -0.238
25 -9 0.638 -0.213
25 -8 0.638 -0.188
25 -7 0.638 -0.163
19 27 0.488 0.688
20 28 0.513 0.713
21 28 0.538 0.713
21 29 0.538 0.738
22 29 0.563 0.738
23 30 0.588 0.763
24 30 0.613 0.763
24 31 0.613 0.788
25 31 0.638 0.788
26 31 0.663 0.788
26 32 0.663 0.813
27 32 0.688 0.813
28 32 0.713 0.813
28 33 0.713 0.838
29 33 0.738 0.838
29 34 0.738 0.863
30 34 0.763 0.863
31 34 0.788 0.863
31 35 0.788 0.888
32 35 0.813 0.888
33 35 0.838 0.888
33 36 0.838 0.913
34 36 0.863 0.913
34 37 0.863 0.938
35 36 0.888 0.913
35 37 0.888 0.938
36 37 0.913 0.938
36 38 0.913 0.963
37 38 0.938 0.963
38 38 0.963 0.963
38 39 0.963 0.988
39 39 0.988 0.988
39 40 0.988 1.013
40 39 1.013 0.988
40 40 1.013 1.013
41 40 1.038 1.013
41 41 1.038 1.038
42 40 1.063 1.013
42 41 1.063 1.038
43 40 1.088 1.013
44 39 1.113 0.988
45 39 1.138 0.988
46 38 1.163 0.963
47 37 1.188 0.938
48 36 1.213 0.913
48 37 1.213 0.938
49 35 1.238 0.888
49 36 1.238 0.913
50 35 1.263 0.888
51 34 1.288 0.863
52 33 1.313 0.838
52 34 1.313 0.863
53 32 1.338 0.813
53 33 1.338 0.838
55 23 1.388 0.588
-8 21 -0.188 0.538
-5 23 -0.113 0.588
-3 24 -0.063 0.613
-2 25 -0.038 0.638
0 26 0.013 0.663
2 27 0.063 0.688
3 28 0.088 0.713
8 24 0.213 0.613
9 23 0.238 0.588
10 22 0.263 0.563
11 21 0.288 0.538
12 20 0.313 0.513
13 19 0.338 0.488
14 18 0.363 0.463
15 17 0.388 0.438
16 16 0.413 0.413
17 15 0.438 0.388
18 14 0.463 0.363
19 13 0.488 0.338
20 10 0.513 0.263
20 11 0.513 0.288
21 7 0.538 0.188
21 8 0.538 0.213
22 3 0.563 0.088
22 4 0.563 0.113
22 5 0.563 0.138
22 6 0.563 0.163
23 0 0.588 0.013
23 1 0.588 0.038
23 2 0.588 0.063
23 3 0.588 0.088
24 -3 0.613 -0.063
24 -2 0.613 -0.038
24 -1 0.613 -0.013
24 0 0.613 0.013
25 -6 0.638 -0.138
25 -5 0.638 -0.113
25 -4 0.638 -0.088
25 -3 0.638 -0.063
26 -8 0.663 -0.188
26 -7 0.663 -0.163
26 -6 0.663 -0.138
19 28 0.488 0.713
19 29 0.488 0.738
20 29 0.513 0.738
21 30 0.538 0.763
22 30 0.563 0.763
22 31 0.563 0.788
23 31 0.588 0.788
24 32 0.613 0.813
25 32 0.638 0.813
25 33 0.638 0.838
26 33 0.663 0.838
27 33 0.688 0.838
27 34 0.688 0.863
28 34 0.713 0.863
29 35 0.738 0.888
30 35 0.763 0.888
30 36 0.763 0.913
31 36 0.788 0.913
32 36 0.813 0.913
32 37 0.813 0.938
33 37 0.838 0.938
33 38 0.838 0.963
34 38 0.863 0.963
35 38 0.888 0.963
35 39 0.888 0.988
36 39 0.913 0.988
36 40 0.913 1.013
37 39 0.938 0.988
37 40 0.938 1.013
38 40 0.963 1.013
38 41 0.963 1.038
39 41 0.988 1.038
39 42 0.988 1.063
40 41 1.013 1.038
40 42 1.013 1.063
41 42 1.038 1.063
42 42 1.063 1.063
43 41 1.088 1.038
44 40 1.113 1.013
44 41 1.113 1.038
45 40 1.138 1.013
46 39 1.163 0.988
47 38 1.188 0.963
47 39 1.188 0.988
48 38 1.213 0.963
49 37 1.238 0.938
50 36 1.263 0.913
51 35 1.288 0.888
51 36 1.288 0.913
52 35 1.313 0.888
55 24 1.388 0.613
-4 24 -0.088 0.613
-1 26 -0.013 0.663
1 27 0.038 0.688
2 28 0.063 0.713
6 -22 0.163 -0.538
7 25 0.188 0.638
9 -20 0.238 -0.488
15 18 0.388 0.463
16 17 0.413 0.438
17 16 0.438 0.413
18 15 0.463 0.388
19 14 0.488 0.363
20 12 0.513 0.313
21 9 0.538 0.238
21 10 0.538 0.263
22 7 0.563 0.188
23 4 0.588 0.113
24 1 0.613 0.038
24 2 0.613 0.063
25 -2 0.638 -0.038
25 -1 0.638 -0.013
26 -5 0.663 -0.113
26 -4 0.663 -0.088
27 -7 0.688 -0.163
27 -6 0.688 -0.138
19 30 0.488 0.763
20 30 0.513 0.763
21 31 0.538 0.788
22 32 0.563 0.813
23 32 0.588 0.813
24 33 0.613 0.838
25 34 0.638 0.863
26 34 0.663 0.863
27 35 0.688 0.888
28 35 0.713 0.888
28 36 0.713 0.913
29 36 0.738 0.913
30 37 0.763 0.938
31 37 0.788 0.938
31 38 0.788 0.963
32 38 0.813 0.963
32 39 0.813 0.988
33 39 0.838 0.988
34 39 0.863 0.988
34 40 0.863 1.013
35 40 0.888 1.013
35 41 0.888 1.038
36 41 0.913 1.038
37 41 0.938 1.038
37 42 0.938 1.063
38 42 0.963 1.063
38 43 0.963 1.088
39 43 0.988 1.088
40 43 1.013 1.088
40 44 1.013 1.113
41 43 1.038 1.088
41 44 1.038 1.113
42 43 1.063 1.088
43 42 1.088 1.063
43 43 1.088 1.088
44 42 1.113 1.063
45 41 1.138 1.038
46 40 1.163 1.013
46 41 1.163 1.038
47 40 1.188 1.013
48 39 1.213 0.988
49 38 1.238 0.963
49 39 1.238 0.988
50 37 1.263 0.938
50 38 1.263 0.963
51 37 1.288 0.938
52 36 1.313 0.913
52 37 1.313 0.938
53 34 1.338 0.863
53 35 1.338 0.888
54 30 1.363 0.763
55 25 1.388 0.638
55 26 1.388 0.663
-7 22 -0.163 0.563
-3 25 -0.063 0.638
0 27 0.013 0.688
1 28 0.038 0.713
4 28 0.113 0.713
5 27 0.138 0.688
6 26 0.163 0.663
8 -21 0.213 -0.513
9 24 0.238 0.613
10 23 0.263 0.588
11 22 0.288 0.563
12 21 0.313 0.538
13 20 0.338 0.513
14 19 0.363 0.488
15 19 0.388 0.488
16 18 0.413 0.463
17 17 0.438 0.438
18 16 0.463 0.413
19 15 0.488 0.388
20 13 0.513 0.338
20 14 0.513 0.363
21 11 0.538 0.288
21 12 0.538 0.313
22 8 0.563 0.213
22 9 0.563 0.238
23 5 0.588 0.138
23 6 0.588 0.163
23 7 0.588 0.188
24 3 0.613 0.088
24 4 0.613 0.113
25 0 0.638 0.013
25 1 0.638 0.038
25 2 0.638 0.063
26 -3 0.663 -0.063
26 -2 0.663 -0.038
26 -1 0.663 -0.013
26 0 0.663 0.013
27 -5 0.688 -0.113
27 -4 0.688 -0.088
27 -3 0.688 -0.063
28 -6 0.713 -0.138
28 -5 0.713 -0.113
18 30 0.463 0.763
19 31 0.488 0.788
20 31 0.513 0.788
21 32 0.538 0.813
22 33 0.563 0.838
23 33 0.588 0.838
23 34 0.588 0.863
24 34 0.613 0.863
25 35 0.638 0.888
26 35 0.663 0.888
26 36 0.663 0.913
27 36 0.688 0.913
27 37 0.688 0.938
28 37 0.713 0.938
29 37 0.738 0.938
29 38 0.738 0.963
30 38 0.763 0.963
30 39 0.763 0.988
31 39 0.788 0.988
31 40 0.788 1.013
32 40 0.813 1.013
33 40 0.838 1.013
33 41 0.838 1.038
34 41 0.863 1.038
34 42 0.863 1.063
35 42 0.888 1.063
35 43 0.888 1.088
36 42 0.913 1.063
36 43 0.913 1.088
37 43 0.938 1.088
37 44 0.938 1.113
38 44 0.963 1.113
38 45 0.963 1.138
39 44 0.988 1.113
39 45 0.988 1.138
40 45 1.013 1.138
40 46 1.013 1.163
41 45 1.038 1.138
42 44 1.063 1.113
43 44 1.088 1.113
44 43 1.113 1.088
45 42 1.138 1.063
45 43 1.138 1.088
46 42 1.163 1.063
47 41 1.188 1.038
48 40 1.213 1.013
48 41 1.213 1.038
49 40 1.238 1.013
50 39 1.263 0.988
50 40 1.263 1.013
51 38 1.288 0.963
51 39 1.288 0.988
52 38 1.313 0.963
54 31 1.363 0.788
55 27 1.388 0.688
-10 20 -0.238 0.513
-6 23 -0.138 0.588
-2 26 -0.038 0.663
-1 27 -0.013 0.688
2 29 0.063 0.738
3 29 0.088 0.738
6 27 0.163 0.688
7 26 0.188 0.663
8 25 0.213 0.638
11 23 0.288 0.588
12 22 0.313 0.563
13 21 0.338 0.538
14 20 0.363 0.513
15 20 0.388 0.513
16 19 0.413 0.488
17 18 0.438 0.463
18 17 0.463 0.438
19 16 0.488 0.413
19 17 0.488 0.438
20 15 0.513 0.388
20 16 0.513 0.413
21 13 0.538 0.338
21 14 0.538 0.363
22 10 0.563 0.263
22 11 0.563 0.288
23 8 0.588 0.213
23 9 0.588 0.238
24 5 0.613 0.138
24 6 0.613 0.163
24 7 0.613 0.188
25 3 0.638 0.088
25 4 0.638 0.113
25 5 0.638 0.138
26 1 0.663 0.038
26 2 0.663 0.063
27 -2 0.688 -0.038
27 -1 0.688 -0.013
27 0 0.688 0.013
28 -4 0.713 -0.088
28 -3 0.713 -0.063
28 -2 0.713 -0.038
29 -4 0.738 -0.088
18 31 0.463 0.788
19 32 0.488 0.813
20 32 0.513 0.813
20 33 0.513 0.838
21 33 0.538 0.838
21 34 0.538 0.863
22 34 0.563 0.863
22 35 0.563 0.888
23 35 0.588 0.888
24 35 0.613 0.888
24 36 0.613 0.913
25 36 0.638 0.913
25 37 0.638 0.938
26 37 0.663 0.938
26 38 0.663 0.963
27 38 0.688 0.963
27 39 0.688 0.988
28 38 0.713 0.963
28 39 0.713 0.988
29 39 0.738 0.988
29 40 0.738 1.013
30 40 0.763 1.013
30 41 0.763 1.038
31 41 0.788 1.038
31 42 0.788 1.063
32 41 0.813 1.038
32 42 0.813 1.063
33 42 0.838 1.063
33 43 0.838 1.088
34 43 0.863 1.088
34 44 0.863 1.113
35 44 0.888 1.113
35 45 0.888 1.138
36 44 0.913 1.113
36 45 0.913 1.138
36 46 0.913 1.163
37 45 0.938 1.138
37 46 0.938 1.163
38 46 0.963 1.163
38 47 0.963 1.188
39 46 0.988 1.163
39 47 0.988 1.188
40 47 1.013 1.188
41 46 1.038 1.163
42 45 1.063 1.138
42 46 1.063 1.163
43 45 1.088 1.138
44 44 1.113 1.113
44 45 1.113 1.138
45 44 1.138 1.113
46 43 1.163 1.088
46 44 1.163 1.113
47 42 1.188 1.063
47 43 1.188 1.088
48 42 1.213 1.063
49 41 1.238 1.038
49 42 1.238 1.063
50 41 1.263 1.038
51 40 1.288 1.013
51 41 1.288 1.038
54 32 1.363 0.813
55 28 1.388 0.713
