7 24 0.188 0.613
8 23 0.213 0.588
9 22 0.238 0.563
10 21 0.263 0.538
11 20 0.288 0.513
12 19 0.313 0.488
13 18 0.338 0.463
14 17 0.363 0.438
15 16 0.388 0.413
16 15 0.413 0.388
17 14 0.438 0.363
18 13 0.463 0.338
19 12 0.488 0.313
20 11 0.513 0.288
21 10 0.538 0.263
22 9 0.563 0.238
23 8 0.588 0.213
24 7 0.613 0.188
25 6 0.638 0.163
-27 10 -0.663 0.263
-26 11 -0.638 0.288
-25 12 -0.613 0.313
-24 13 -0.588 0.338
-23 14 -0.563 0.363
-22 15 -0.538 0.388
-21 16 -0.513 0.413
-20 17 -0.488 0.438
-19 18 -0.463 0.463
-18 19 -0.438 0.488
-17 20 -0.413 0.513
-16 21 -0.388 0.538
-15 22 -0.363 0.563
-14 23 -0.338 0.588
-13 24 -0.313 0.613
-12 25 -0.288 0.638
-11 26 -0.263 0.663
-10 27 -0.238 0.688
-9 28 -0.213 0.713
-28 9 -0.688 0.238
-6 -25 -0.138 -0.613
-5 -25 -0.113 -0.613
-4 -24 -0.088 -0.588
-3 -23 -0.063 -0.563
-2 -22 -0.038 -0.538
-1 -21 -0.013 -0.513
0 -20 0.013 -0.488
1 -19 0.038 -0.463
2 -18 0.063 -0.438
3 -17 0.088 -0.413
4 -16 0.113 -0.388
5 -15 0.138 -0.363
6 -14 0.163 -0.338
7 -13 0.188 -0.313
8 -12 0.213 -0.288
9 -11 0.238 -0.263
10 -10 0.263 -0.238
11 -9 0.288 -0.213
12 -8 0.313 -0.188
13 -7 0.338 -0.163
14 -6 0.363 -0.138
15 -5 0.388 -0.113
16 -4 0.413 -0.088
17 -3 0.438 -0.063
18 -2 0.463 -0.038
19 -1 0.488 -0.013
20 0 0.513 0.013
21 1 0.538 0.038
22 2 0.563 0.063
23 3 0.588 0.088
24 4 0.613 0.113
25 5 0.638 0.138
-27 9 -0.663 0.238
-26 10 -0.638 0.263
-25 11 -0.613 0.288
-24 12 -0.588 0.313
-23 13 -0.563 0.338
-22 14 -0.538 0.363
-21 15 -0.513 0.388
-20 16 -0.488 0.413
-19 17 -0.463 0.438
-18 18 -0.438 0.463
-17 19 -0.413 0.488
-16 20 -0.388 0.513
-15 21 -0.363 0.538
-14 22 -0.338 0.563
-13 23 -0.313 0.588
-12 24 -0.288 0.613
-11 25 -0.263 0.638
-10 26 -0.238 0.663
-9 27 -0.213 0.688
-4 -25 -0.088 -0.613
-3 -24 -0.063 -0.588
-2 -23 -0.038 -0.563
-1 -22 -0.013 -0.538
0 -21 0.013 -0.513
1 -20 0.038 -0.488
2 -19 0.063 -0.463
3 -18 0.088 -0.438
4 -17 0.113 -0.413
5 -16 0.138 -0.388
6 -15 0.163 -0.363
7 -14 0.188 -0.338
8 -13 0.213 -0.313
9 -12 0.238 -0.288
10 -11 0.263 -0.263
11 -10 0.288 -0.238
12 -9 0.313 -0.213
13 -8 0.338 -0.188
14 -7 0.363 -0.163
15 -6 0.388 -0.138
16 -5 0.413 -0.113
17 -4 0.438 -0.088
18 -3 0.463 -0.063
19 -2 0.488 -0.038
20 -1 0.513 -0.013
21 0 0.538 0.013
22 1 0.563 0.038
23 2 0.588 0.063
24 3 0.613 0.088
25 4 0.638 0.113
