-19 -1 -0.463 -0.013
-19 0 -0.463 0.013
-19 1 -0.463 0.038
-19 -3 -0.463 -0.063
-19 -2 -0.463 -0.038
-19 2 -0.463 0.063
-19 -4 -0.463 -0.088
-19 3 -0.463 0.088
-19 4 -0.463 0.113
-18 -5 -0.438 -0.113
-18 5 -0.438 0.138
-18 -7 -0.438 -0.163
-18 -6 -0.438 -0.138
-18 6 -0.438 0.163
-18 -8 -0.438 -0.188
-18 7 -0.438 0.188
-18 8 -0.438 0.213
-17 -9 -0.413 -0.213
-17 9 -0.413 0.238
-17 -11 -0.413 -0.263
-17 -10 -0.413 -0.238
-17 10 -0.413 0.263
-17 -12 -0.413 -0.288
-17 11 -0.413 0.288
-17 12 -0.413 0.313
-16 -13 -0.388 -0.313
-16 13 -0.388 0.338
-16 -14 -0.388 -0.338
-16 14 -0.388 0.363
-16 -16 -0.388 -0.388
-16 -15 -0.388 -0.363
-16 15 -0.388 0.388
-16 16 -0.388 0.413
-15 -17 -0.363 -0.413
-15 17 -0.363 0.438
-15 -18 -0.363 -0.438
-15 18 -0.363 0.463
-15 -20 -0.363 -0.488
-15 -19 -0.363 -0.463
-15 19 -0.363 0.488
-15 20 -0.363 0.513
-14 -21 -0.338 -0.513
-14 21 -0.338 0.538
-59 -1 -1.463 -0.013
-59 0 -1.463 0.013
-59 -2 -1.463 -0.038
-59 1 -1.463 0.038
-59 -3 -1.463 -0.063
-59 2 -1.463 0.063
-58 3 -1.438 0.088
-58 -4 -1.438 -0.088
-58 4 -1.438 0.113
-58 -5 -1.438 -0.113
-58 5 -1.438 0.138
-57 -6 -1.413 -0.138
-57 -7 -1.413 -0.163
-57 6 -1.413 0.163
-57 7 -1.413 0.188
-56 -8 -1.388 -0.188
-56 8 -1.388 0.213
-56 -9 -1.388 -0.213
-56 9 -1.388 0.238
-56 -10 -1.388 -0.238
-56 10 -1.388 0.263
-55 -11 -1.363 -0.263
-55 11 -1.363 0.288
-55 -12 -1.363 -0.288
-55 12 -1.363 0.313
-54 -13 -1.338 -0.313
-54 13 -1.338 0.338
-20 -1 -0.488 -0.013
-20 0 -0.488 0.013
-20 1 -0.488 0.038
-20 -3 -0.488 -0.063
-20 -2 -0.488 -0.038
-20 2 -0.488 0.063
-20 -4 -0.488 -0.088
-20 3 -0.488 0.088
-20 4 -0.488 0.113
-19 -5 -0.463 -0.113
-19 5 -0.463 0.138
-19 -7 -0.463 -0.163
-19 -6 -0.463 -0.138
-19 6 -0.463 0.163
-19 -8 -0.463 -0.188
-19 7 -0.463 0.188
-19 8 -0.463 0.213
-18 -9 -0.438 -0.213
-18 9 -0.438 0.238
-18 -11 -0.438 -0.263
-18 -10 -0.438 -0.238
-18 10 -0.438 0.263
-18 -12 -0.438 -0.288
-18 11 -0.438 0.288
-18 12 -0.438 0.313
-17 -13 -0.413 -0.313
-17 13 -0.413 0.338
-17 -14 -0.413 -0.338
-17 14 -0.413 0.363
-17 -16 -0.413 -0.388
-17 -15 -0.413 -0.363
-17 15 -0.413 0.388
-17 16 -0.413 0.413
-16 -17 -0.388 -0.413
-16 17 -0.388 0.438
-16 -18 -0.388 -0.438
-16 18 -0.388 0.463
-16 -20 -0.388 -0.488
-16 -19 -0.388 -0.463
-16 19 -0.388 0.488
-16 20 -0.388 0.513
-15 -21 -0.363 -0.513
-15 21 -0.363 0.538
-60 -1 -1.488 -0.013
-60 0 -1.488 0.013
-60 -2 -1.488 -0.038
-60 1 -1.488 0.038
-60 -3 -1.488 -0.063
-60 2 -1.488 0.063
-59 3 -1.463 0.088
-59 -4 -1.463 -0.088
-59 4 -1.463 0.113
-59 -5 -1.463 -0.113
-59 5 -1.463 0.138
-58 -6 -1.438 -0.138
-58 -7 -1.438 -0.163
-58 6 -1.438 0.163
-58 7 -1.438 0.188
-57 -8 -1.413 -0.188
-57 8 -1.413 0.213
-57 -9 -1.413 -0.213
-57 9 -1.413 0.238
-57 -10 -1.413 -0.238
-57 10 -1.413 0.263
-56 -11 -1.388 -0.263
-56 11 -1.388 0.288
-56 -12 -1.388 -0.288
-56 12 -1.388 0.313
-55 -13 -1.363 -0.313
-55 13 -1.363 0.338
-21 -1 -0.513 -0.013
-21 0 -0.513 0.013
-21 1 -0.513 0.038
-21 -3 -0.513 -0.063
-21 -2 -0.513 -0.038
-21 2 -0.513 0.063
-21 -4 -0.513 -0.088
-21 3 -0.513 0.088
-21 4 -0.513 0.113
-20 -5 -0.488 -0.113
-20 5 -0.488 0.138
-20 -7 -0.488 -0.163
-20 -6 -0.488 -0.138
-20 6 -0.488 0.163
-20 -8 -0.488 -0.188
-20 7 -0.488 0.188
-20 8 -0.488 0.213
-19 -9 -0.463 -0.213
-19 9 -0.463 0.238
-19 -11 -0.463 -0.263
-19 -10 -0.463 -0.238
-19 10 -0.463 0.263
-19 -12 -0.463 -0.288
-19 11 -0.463 0.288
-19 12 -0.463 0.313
-18 -13 -0.438 -0.313
-18 13 -0.438 0.338
-18 -14 -0.438 -0.338
-18 14 -0.438 0.363
-18 -16 -0.438 -0.388
-18 -15 -0.438 -0.363
-18 15 -0.438 0.388
-18 16 -0.438 0.413
-17 -17 -0.413 -0.413
-17 17 -0.413 0.438
-17 -18 -0.413 -0.438
-17 18 -0.413 0.463
-17 -20 -0.413 -0.488
-17 -19 -0.413 -0.463
-17 19 -0.413 0.488
-17 20 -0.413 0.513
-16 -21 -0.388 -0.513
-16 21 -0.388 0.538
-61 -1 -1.513 -0.013
-61 0 -1.513 0.013
-61 -2 -1.513 -0.038
-61 1 -1.513 0.038
-61 -3 -1.513 -0.063
-61 2 -1.513 0.063
-60 3 -1.488 0.088
-60 -4 -1.488 -0.088
-60 4 -1.488 0.113
-60 -5 -1.488 -0.113
-60 5 -1.488 0.138
-59 -6 -1.463 -0.138
-59 -7 -1.463 -0.163
-59 6 -1.463 0.163
-59 7 -1.463 0.188
-58 -8 -1.438 -0.188
-58 8 -1.438 0.213
-58 -9 -1.438 -0.213
-58 9 -1.438 0.238
-58 -10 -1.438 -0.238
-58 10 -1.438 0.263
-57 -11 -1.413 -0.263
-57 11 -1.413 0.288
-57 -12 -1.413 -0.288
-57 12 -1.413 0.313
-56 -13 -1.388 -0.313
-56 13 -1.388 0.338
-22 -2 -0.538 -0.038
-22 -1 -0.538 -0.013
-22 0 -0.538 0.013
-22 -3 -0.538 -0.063
-22 1 -0.538 0.038
-22 2 -0.538 0.063
-21 -5 -0.513 -0.113
-21 5 -0.513 0.138
-21 -7 -0.513 -0.163
-21 -6 -0.513 -0.138
-21 6 -0.513 0.163
-21 7 -0.513 0.188
-20 9 -0.488 0.238
-20 -9 -0.488 -0.213
-20 10 -0.488 0.263
-20 -10 -0.488 -0.238
-20 11 -0.488 0.288
-20 12 -0.488 0.313
-19 13 -0.463 0.338
-19 14 -0.463 0.363
-19 15 -0.463 0.388
-19 16 -0.463 0.413
-19 -13 -0.463 -0.313
-19 17 -0.463 0.438
-18 17 -0.438 0.438
-18 18 -0.438 0.463
-18 19 -0.438 0.488
-18 20 -0.438 0.513
-18 21 -0.438 0.538
-17 21 -0.413 0.538
-16 -22 -0.388 -0.538
-15 -22 -0.363 -0.538
-14 -22 -0.338 -0.538
-13 -22 -0.313 -0.538
-12 -22 -0.288 -0.538
-11 -22 -0.263 -0.538
-10 -22 -0.238 -0.538
-9 -22 -0.213 -0.538
1 22 0.038 0.563
2 22 0.063 0.563
3 22 0.088 0.563
4 22 0.113 0.563
5 22 0.138 0.563
6 22 0.163 0.563
7 22 0.188 0.563
8 22 0.213 0.563
9 22 0.238 0.563
-62 -4 -1.538 -0.088
-62 -3 -1.538 -0.063
-62 -2 -1.538 -0.038
-62 -5 -1.538 -0.113
-62 -1 -1.538 -0.013
-61 -5 -1.513 -0.113
-61 -4 -1.513 -0.088
-61 -6 -1.513 -0.138
-61 -7 -1.513 -0.163
-60 -7 -1.488 -0.163
-60 -6 -1.488 -0.138
-60 -8 -1.488 -0.188
-60 -9 -1.488 -0.213
-59 -9 -1.463 -0.213
-59 -8 -1.463 -0.188
-59 -10 -1.463 -0.238
-59 -11 -1.463 -0.263
-58 -12 -1.438 -0.288
-58 -11 -1.438 -0.263
-58 -13 -1.438 -0.313
-57 -14 -1.413 -0.338
-57 -13 -1.413 -0.313
-57 -15 -1.413 -0.363
-56 -16 -1.388 -0.388
-56 -15 -1.388 -0.363
-56 -14 -1.388 -0.338
-55 -16 -1.363 -0.388
-55 -15 -1.363 -0.363
-55 -14 -1.363 -0.338
-54 -16 -1.338 -0.388
-54 -15 -1.338 -0.363
-54 -14 -1.338 -0.338
-53 -16 -1.313 -0.388
-53 -15 -1.313 -0.363
-53 -14 -1.313 -0.338
-52 -16 -1.288 -0.388
-52 -15 -1.288 -0.363
-52 -14 -1.288 -0.338
-51 -16 -1.263 -0.388
-51 -15 -1.263 -0.363
-51 -14 -1.263 -0.338
-50 -16 -1.238 -0.388
-50 -15 -1.238 -0.363
-50 -14 -1.238 -0.338
-49 -15 -1.213 -0.363
-49 -14 -1.213 -0.338
-48 -15 -1.188 -0.363
-48 -14 -1.188 -0.338
-47 -15 -1.163 -0.363
-47 -14 -1.163 -0.338
-46 -15 -1.138 -0.363
-46 -14 -1.138 -0.338
-45 -15 -1.113 -0.363
-45 -14 -1.113 -0.338
-44 -15 -1.088 -0.363
-44 -14 -1.088 -0.338
-43 -15 -1.063 -0.363
-43 -14 -1.063 -0.338
-42 -15 -1.038 -0.363
-42 -14 -1.038 -0.338
-41 -15 -1.013 -0.363
-41 -14 -1.013 -0.338
-40 -15 -0.988 -0.363
-40 -14 -0.988 -0.338
-39 -15 -0.963 -0.363
-39 -14 -0.963 -0.338
-38 -15 -0.938 -0.363
-38 -14 -0.938 -0.338
-37 -15 -0.913 -0.363
-37 -14 -0.913 -0.338
-36 -15 -0.888 -0.363
-36 -14 -0.888 -0.338
-35 -15 -0.863 -0.363
-35 -14 -0.863 -0.338
-34 -15 -0.838 -0.363
-34 -14 -0.838 -0.338
-33 -15 -0.813 -0.363
-33 -14 -0.813 -0.338
-32 -15 -0.788 -0.363
-32 -14 -0.788 -0.338
-31 -15 -0.763 -0.363
-31 -14 -0.763 -0.338
-30 -15 -0.738 -0.363
-30 -14 -0.738 -0.338
-23 -3 -0.563 -0.063
-23 -2 -0.563 -0.038
-23 -1 -0.563 -0.013
-23 0 -0.563 0.013
-22 -4 -0.538 -0.088
-22 -5 -0.538 -0.113
-22 3 -0.538 0.088
-22 4 -0.538 0.113
-22 5 -0.538 0.138
-22 -6 -0.538 -0.138
-22 6 -0.538 0.163
-22 7 -0.538 0.188
-22 8 -0.538 0.213
-21 8 -0.513 0.213
-21 9 -0.513 0.238
-21 10 -0.513 0.263
-21 -8 -0.513 -0.188
-21 11 -0.513 0.288
-21 12 -0.513 0.313
-21 13 -0.513 0.338
-21 -9 -0.513 -0.213
-21 14 -0.513 0.363
-21 15 -0.513 0.388
-21 16 -0.513 0.413
-20 13 -0.488 0.338
-20 14 -0.488 0.363
-20 15 -0.488 0.388
-20 16 -0.488 0.413
-20 17 -0.488 0.438
-20 18 -0.488 0.463
-20 19 -0.488 0.488
-20 -11 -0.488 -0.263
-19 18 -0.463 0.463
-19 19 -0.463 0.488
-19 -14 -0.463 -0.338
-19 20 -0.463 0.513
-15 -23 -0.363 -0.563
-14 -23 -0.338 -0.563
-13 -23 -0.313 -0.563
-8 -22 -0.188 -0.538
-7 -22 -0.163 -0.538
-6 -22 -0.138 -0.538
-5 -22 -0.113 -0.538
-4 -22 -0.088 -0.538
-2 22 -0.038 0.563
-1 22 -0.013 0.563
0 22 0.013 0.563
-63 -8 -1.563 -0.188
-63 -7 -1.563 -0.163
-63 -6 -1.563 -0.138
-62 -8 -1.538 -0.188
-62 -7 -1.538 -0.163
-62 -6 -1.538 -0.138
-62 -9 -1.538 -0.213
-62 -10 -1.538 -0.238
-61 -10 -1.513 -0.238
-61 -9 -1.513 -0.213
-61 -8 -1.513 -0.188
-61 -11 -1.513 -0.263
-60 -12 -1.488 -0.288
-60 -11 -1.488 -0.263
-60 -10 -1.488 -0.238
-60 -13 -1.488 -0.313
-59 -14 -1.463 -0.338
-59 -13 -1.463 -0.313
-59 -12 -1.463 -0.288
-59 -15 -1.463 -0.363
-58 -16 -1.438 -0.388
-58 -15 -1.438 -0.363
-58 -14 -1.438 -0.338
-58 -17 -1.438 -0.413
-57 -17 -1.413 -0.413
-57 -16 -1.413 -0.388
-57 -18 -1.413 -0.438
-57 -19 -1.413 -0.463
-56 -19 -1.388 -0.463
-56 -18 -1.388 -0.438
-56 -17 -1.388 -0.413
-55 -19 -1.363 -0.463
-55 -18 -1.363 -0.438
-55 -17 -1.363 -0.413
-54 -19 -1.338 -0.463
-54 -18 -1.338 -0.438
-54 -17 -1.338 -0.413
-53 -19 -1.313 -0.463
-53 -18 -1.313 -0.438
-53 -17 -1.313 -0.413
-52 -19 -1.288 -0.463
-52 -18 -1.288 -0.438
-52 -17 -1.288 -0.413
-51 -19 -1.263 -0.463
-51 -18 -1.263 -0.438
-51 -17 -1.263 -0.413
-50 -19 -1.238 -0.463
-50 -18 -1.238 -0.438
-50 -17 -1.238 -0.413
-49 -19 -1.213 -0.463
-49 -18 -1.213 -0.438
-49 -17 -1.213 -0.413
-49 -16 -1.213 -0.388
-48 -19 -1.188 -0.463
-48 -18 -1.188 -0.438
-48 -17 -1.188 -0.413
-48 -16 -1.188 -0.388
-47 -18 -1.163 -0.438
-47 -17 -1.163 -0.413
-47 -16 -1.163 -0.388
-46 -18 -1.138 -0.438
-46 -17 -1.138 -0.413
-46 -16 -1.138 -0.388
-45 -18 -1.113 -0.438
-45 -17 -1.113 -0.413
-45 -16 -1.113 -0.388
-44 -18 -1.088 -0.438
-44 -17 -1.088 -0.413
-44 -16 -1.088 -0.388
-43 -18 -1.063 -0.438
-43 -17 -1.063 -0.413
-43 -16 -1.063 -0.388
-42 -18 -1.038 -0.438
-42 -17 -1.038 -0.413
-42 -16 -1.038 -0.388
-41 -18 -1.013 -0.438
-41 -17 -1.013 -0.413
-41 -16 -1.013 -0.388
-40 -18 -0.988 -0.438
-40 -17 -0.988 -0.413
-40 -16 -0.988 -0.388
-39 -18 -0.963 -0.438
-39 -17 -0.963 -0.413
-39 -16 -0.963 -0.388
-38 -17 -0.938 -0.413
-38 -16 -0.938 -0.388
-37 -17 -0.913 -0.413
-37 -16 -0.913 -0.388
-36 -17 -0.888 -0.413
-36 -16 -0.888 -0.388
-35 -17 -0.863 -0.413
-35 -16 -0.863 -0.388
-34 -17 -0.838 -0.413
-34 -16 -0.838 -0.388
-33 -17 -0.813 -0.413
-33 -16 -0.813 -0.388
-32 -17 -0.788 -0.413
-32 -16 -0.788 -0.388
-31 -17 -0.763 -0.413
-31 -16 -0.763 -0.388
-30 -16 -0.738 -0.388
-23 -5 -0.563 -0.113
-23 -4 -0.563 -0.088
-23 1 -0.563 0.038
-23 2 -0.563 0.063
-23 3 -0.563 0.088
-23 4 -0.563 0.113
-23 5 -0.563 0.138
-23 6 -0.563 0.163
-23 7 -0.563 0.188
-23 8 -0.563 0.213
-23 -6 -0.563 -0.138
-23 9 -0.563 0.238
-23 10 -0.563 0.263
-23 11 -0.563 0.288
-23 12 -0.563 0.313
-23 13 -0.563 0.338
-23 14 -0.563 0.363
-22 -7 -0.538 -0.163
-22 9 -0.538 0.238
-22 10 -0.538 0.263
-22 11 -0.538 0.288
-22 12 -0.538 0.313
-22 13 -0.538 0.338
-22 14 -0.538 0.363
-22 15 -0.538 0.388
-22 16 -0.538 0.413
-22 17 -0.538 0.438
-22 18 -0.538 0.463
-22 -8 -0.538 -0.188
-21 17 -0.513 0.438
-21 18 -0.513 0.463
-21 -10 -0.513 -0.238
-21 19 -0.513 0.488
-20 -12 -0.488 -0.288
-19 -15 -0.463 -0.363
-18 -17 -0.438 -0.413
-12 -23 -0.288 -0.563
-11 -23 -0.263 -0.563
-10 -23 -0.238 -0.563
-9 -23 -0.213 -0.563
-5 22 -0.113 0.563
-4 22 -0.088 0.563
-3 22 -0.063 0.563
0 23 0.013 0.588
1 23 0.038 0.588
2 23 0.063 0.588
3 23 0.088 0.588
4 23 0.113 0.588
-63 -12 -1.563 -0.288
-63 -11 -1.563 -0.263
-63 -10 -1.563 -0.238
-62 -12 -1.538 -0.288
-62 -11 -1.538 -0.263
-62 -13 -1.538 -0.313
-61 -14 -1.513 -0.338
-61 -13 -1.513 -0.313
-61 -12 -1.513 -0.288
-61 -15 -1.513 -0.363
-60 -15 -1.488 -0.363
-60 -14 -1.488 -0.338
-60 -16 -1.488 -0.388
-59 -17 -1.463 -0.413
-59 -16 -1.463 -0.388
-59 -18 -1.463 -0.438
-58 -19 -1.438 -0.463
-58 -18 -1.438 -0.438
-58 -20 -1.438 -0.488
-57 -20 -1.413 -0.488
-57 -21 -1.413 -0.513
-56 -22 -1.388 -0.538
-56 -21 -1.388 -0.513
-56 -20 -1.388 -0.488
-56 -23 -1.388 -0.563
-55 -23 -1.363 -0.563
-55 -22 -1.363 -0.538
-55 -21 -1.363 -0.513
-55 -20 -1.363 -0.488
-54 -23 -1.338 -0.563
-54 -22 -1.338 -0.538
-54 -21 -1.338 -0.513
-54 -20 -1.338 -0.488
-53 -23 -1.313 -0.563
-53 -22 -1.313 -0.538
-53 -21 -1.313 -0.513
-53 -20 -1.313 -0.488
-52 -23 -1.288 -0.563
-52 -22 -1.288 -0.538
-52 -21 -1.288 -0.513
-52 -20 -1.288 -0.488
-51 -22 -1.263 -0.538
-51 -21 -1.263 -0.513
-51 -20 -1.263 -0.488
-50 -22 -1.238 -0.538
-50 -21 -1.238 -0.513
-50 -20 -1.238 -0.488
-49 -22 -1.213 -0.538
-49 -21 -1.213 -0.513
-49 -20 -1.213 -0.488
-48 -22 -1.188 -0.538
-48 -21 -1.188 -0.513
-48 -20 -1.188 -0.488
-47 -22 -1.163 -0.538
-47 -21 -1.163 -0.513
-47 -20 -1.163 -0.488
-47 -19 -1.163 -0.463
-46 -21 -1.138 -0.513
-46 -20 -1.138 -0.488
-46 -19 -1.138 -0.463
-45 -21 -1.113 -0.513
-45 -20 -1.113 -0.488
-45 -19 -1.113 -0.463
-44 -21 -1.088 -0.513
-44 -20 -1.088 -0.488
-44 -19 -1.088 -0.463
-43 -21 -1.063 -0.513
-43 -20 -1.063 -0.488
-43 -19 -1.063 -0.463
-42 -21 -1.038 -0.513
-42 -20 -1.038 -0.488
-42 -19 -1.038 -0.463
-41 -21 -1.013 -0.513
-41 -20 -1.013 -0.488
-41 -19 -1.013 -0.463
-40 -20 -0.988 -0.488
-40 -19 -0.988 -0.463
-39 -20 -0.963 -0.488
-39 -19 -0.963 -0.463
-38 -20 -0.938 -0.488
-38 -19 -0.938 -0.463
-38 -18 -0.938 -0.438
-37 -20 -0.913 -0.488
-37 -19 -0.913 -0.463
-37 -18 -0.913 -0.438
-36 -20 -0.888 -0.488
-36 -19 -0.888 -0.463
-36 -18 -0.888 -0.438
-35 -19 -0.863 -0.463
-35 -18 -0.863 -0.438
-34 -19 -0.838 -0.463
-34 -18 -0.838 -0.438
-33 -19 -0.813 -0.463
-33 -18 -0.813 -0.438
-32 -19 -0.788 -0.463
-32 -18 -0.788 -0.438
-31 -19 -0.763 -0.463
-31 -18 -0.763 -0.438
-30 -18 -0.738 -0.438
-30 -17 -0.738 -0.413
-29 -18 -0.713 -0.438
-29 -17 -0.713 -0.413
-29 -16 -0.713 -0.388
-24 -6 -0.588 -0.138
-24 -5 -0.588 -0.113
-24 -4 -0.588 -0.088
-24 -3 -0.588 -0.063
-24 -2 -0.588 -0.038
-24 -1 -0.588 -0.013
-24 0 -0.588 0.013
-24 1 -0.588 0.038
-24 2 -0.588 0.063
-24 3 -0.588 0.088
-24 4 -0.588 0.113
-24 5 -0.588 0.138
-24 6 -0.588 0.163
-24 7 -0.588 0.188
-24 8 -0.588 0.213
-24 9 -0.588 0.238
-24 10 -0.588 0.263
-24 11 -0.588 0.288
-24 12 -0.588 0.313
-24 13 -0.588 0.338
-24 14 -0.588 0.363
-24 15 -0.588 0.388
-24 16 -0.588 0.413
-24 17 -0.588 0.438
-24 -7 -0.588 -0.163
-23 -7 -0.563 -0.163
-23 15 -0.563 0.388
-23 16 -0.563 0.413
-23 17 -0.563 0.438
-23 -8 -0.563 -0.188
-23 -9 -0.563 -0.213
-22 -9 -0.538 -0.213
-22 -10 -0.538 -0.238
-21 -11 -0.513 -0.263
-21 -12 -0.513 -0.288
-20 -13 -0.488 -0.313
-20 -14 -0.488 -0.338
-19 -16 -0.463 -0.388
-18 -18 -0.438 -0.438
-14 -24 -0.338 -0.588
-13 -24 -0.313 -0.588
-12 -24 -0.288 -0.588
-11 -24 -0.263 -0.588
-10 -24 -0.238 -0.588
-8 -23 -0.188 -0.563
-7 -23 -0.163 -0.563
-6 -23 -0.138 -0.563
-6 22 -0.138 0.563
-3 -22 -0.063 -0.538
-2 23 -0.038 0.588
-1 23 -0.013 0.588
-63 -16 -1.563 -0.388
-63 -15 -1.563 -0.363
-63 -14 -1.563 -0.338
-63 -13 -1.563 -0.313
-62 -16 -1.538 -0.388
-62 -15 -1.538 -0.363
-62 -14 -1.538 -0.338
-62 -17 -1.538 -0.413
-61 -18 -1.513 -0.438
-61 -17 -1.513 -0.413
-61 -16 -1.513 -0.388
-61 -19 -1.513 -0.463
-60 -19 -1.488 -0.463
-60 -18 -1.488 -0.438
-60 -17 -1.488 -0.413
-60 -20 -1.488 -0.488
-59 -20 -1.463 -0.488
-59 -19 -1.463 -0.463
-59 -21 -1.463 -0.513
-58 -22 -1.438 -0.538
-58 -21 -1.438 -0.513
-58 -23 -1.438 -0.563
-57 -23 -1.413 -0.563
-57 -22 -1.413 -0.538
-57 -24 -1.413 -0.588
-56 -24 -1.388 -0.588
-56 -25 -1.388 -0.613
-55 -26 -1.363 -0.638
-55 -25 -1.363 -0.613
-55 -24 -1.363 -0.588
-55 -27 -1.363 -0.663
-54 -27 -1.338 -0.663
-54 -26 -1.338 -0.638
-54 -25 -1.338 -0.613
-54 -24 -1.338 -0.588
-53 -27 -1.313 -0.663
-53 -26 -1.313 -0.638
-53 -25 -1.313 -0.613
-53 -24 -1.313 -0.588
-52 -26 -1.288 -0.638
-52 -25 -1.288 -0.613
-52 -24 -1.288 -0.588
-51 -26 -1.263 -0.638
-51 -25 -1.263 -0.613
-51 -24 -1.263 -0.588
-51 -23 -1.263 -0.563
-50 -26 -1.238 -0.638
-50 -25 -1.238 -0.613
-50 -24 -1.238 -0.588
-50 -23 -1.238 -0.563
-49 -25 -1.213 -0.613
-49 -24 -1.213 -0.588
-49 -23 -1.213 -0.563
-48 -25 -1.188 -0.613
-48 -24 -1.188 -0.588
-48 -23 -1.188 -0.563
-47 -25 -1.163 -0.613
-47 -24 -1.163 -0.588
-47 -23 -1.163 -0.563
-46 -25 -1.138 -0.613
-46 -24 -1.138 -0.588
-46 -23 -1.138 -0.563
-46 -22 -1.138 -0.538
-45 -24 -1.113 -0.588
-45 -23 -1.113 -0.563
-45 -22 -1.113 -0.538
-44 -24 -1.088 -0.588
-44 -23 -1.088 -0.563
-44 -22 -1.088 -0.538
-43 -24 -1.063 -0.588
-43 -23 -1.063 -0.563
-43 -22 -1.063 -0.538
-42 -24 -1.038 -0.588
-42 -23 -1.038 -0.563
-42 -22 -1.038 -0.538
-41 -23 -1.013 -0.563
-41 -22 -1.013 -0.538
-40 -23 -0.988 -0.563
-40 -22 -0.988 -0.538
-40 -21 -0.988 -0.513
-39 -23 -0.963 -0.563
-39 -22 -0.963 -0.538
-39 -21 -0.963 -0.513
-38 -23 -0.938 -0.563
-38 -22 -0.938 -0.538
-38 -21 -0.938 -0.513
-37 -22 -0.913 -0.538
-37 -21 -0.913 -0.513
-36 -22 -0.888 -0.538
-36 -21 -0.888 -0.513
-35 -22 -0.863 -0.538
-35 -21 -0.863 -0.513
-35 -20 -0.863 -0.488
-34 -22 -0.838 -0.538
-34 -21 -0.838 -0.513
-34 -20 -0.838 -0.488
-33 -21 -0.813 -0.513
-33 -20 -0.813 -0.488
-32 -21 -0.788 -0.513
-32 -20 -0.788 -0.488
-31 -21 -0.763 -0.513
-31 -20 -0.763 -0.488
-30 -21 -0.738 -0.513
-30 -20 -0.738 -0.488
-30 -19 -0.738 -0.463
-29 -20 -0.713 -0.488
-29 -19 -0.713 -0.463
-26 11 -0.638 0.288
-26 12 -0.638 0.313
-26 13 -0.638 0.338
-26 14 -0.638 0.363
-26 15 -0.638 0.388
-26 7 -0.638 0.188
-26 8 -0.638 0.213
-26 9 -0.638 0.238
-26 10 -0.638 0.263
-26 3 -0.638 0.088
-26 4 -0.638 0.113
-26 5 -0.638 0.138
-26 6 -0.638 0.163
-25 -1 -0.613 -0.013
-25 0 -0.613 0.013
-25 1 -0.613 0.038
-25 2 -0.613 0.063
-25 3 -0.613 0.088
-25 4 -0.613 0.113
-25 5 -0.613 0.138
-25 6 -0.613 0.163
-25 7 -0.613 0.188
-25 8 -0.613 0.213
-25 9 -0.613 0.238
-25 10 -0.613 0.263
-25 11 -0.613 0.288
-25 12 -0.613 0.313
-25 13 -0.613 0.338
-25 14 -0.613 0.363
-25 15 -0.613 0.388
-25 16 -0.613 0.413
-25 -5 -0.613 -0.113
-25 -4 -0.613 -0.088
-25 -3 -0.613 -0.063
-25 -2 -0.613 -0.038
-25 -7 -0.613 -0.163
-25 -6 -0.613 -0.138
-24 -8 -0.588 -0.188
-24 -9 -0.588 -0.213
-23 -10 -0.563 -0.238
-22 -11 -0.538 -0.263
-22 -12 -0.538 -0.288
-21 -13 -0.513 -0.313
-20 -15 -0.488 -0.363
-19 -17 -0.463 -0.413
-13 -25 -0.313 -0.613
-12 -25 -0.288 -0.613
-11 -25 -0.263 -0.613
-9 -24 -0.213 -0.588
-8 -24 -0.188 -0.588
-7 22 -0.163 0.563
-5 -23 -0.113 -0.563
-4 23 -0.088 0.588
-3 23 -0.063 0.588
-2 -22 -0.038 -0.538
-1 24 -0.013 0.613
-62 -20 -1.538 -0.488
-62 -19 -1.538 -0.463
-62 -18 -1.538 -0.438
-62 -21 -1.538 -0.513
-61 -21 -1.513 -0.513
-61 -20 -1.513 -0.488
-61 -22 -1.513 -0.538
-60 -22 -1.488 -0.538
-60 -21 -1.488 -0.513
-60 -23 -1.488 -0.563
-59 -23 -1.463 -0.563
-59 -22 -1.463 -0.538
-59 -24 -1.463 -0.588
-58 -25 -1.438 -0.613
-58 -24 -1.438 -0.588
-57 -26 -1.413 -0.638
-57 -25 -1.413 -0.613
-56 -27 -1.388 -0.663
-56 -26 -1.388 -0.638
-56 -28 -1.388 -0.688
-55 -28 -1.363 -0.688
-55 -29 -1.363 -0.713
-54 -29 -1.338 -0.713
-54 -28 -1.338 -0.688
-54 -30 -1.338 -0.738
-53 -30 -1.313 -0.738
-53 -29 -1.313 -0.713
-53 -28 -1.313 -0.688
-52 -30 -1.288 -0.738
-52 -29 -1.288 -0.713
-52 -28 -1.288 -0.688
-52 -27 -1.288 -0.663
-51 -29 -1.263 -0.713
-51 -28 -1.263 -0.688
-51 -27 -1.263 -0.663
-50 -29 -1.238 -0.713
-50 -28 -1.238 -0.688
-50 -27 -1.238 -0.663
-49 -29 -1.213 -0.713
-49 -28 -1.213 -0.688
-49 -27 -1.213 -0.663
-49 -26 -1.213 -0.638
-48 -28 -1.188 -0.688
-48 -27 -1.188 -0.663
-48 -26 -1.188 -0.638
-47 -28 -1.163 -0.688
-47 -27 -1.163 -0.663
-47 -26 -1.163 -0.638
-46 -28 -1.138 -0.688
-46 -27 -1.138 -0.663
-46 -26 -1.138 -0.638
-45 -27 -1.113 -0.663
-45 -26 -1.113 -0.638
-45 -25 -1.113 -0.613
-44 -27 -1.088 -0.663
-44 -26 -1.088 -0.638
-44 -25 -1.088 -0.613
-43 -27 -1.063 -0.663
-43 -26 -1.063 -0.638
-43 -25 -1.063 -0.613
-42 -26 -1.038 -0.638
-42 -25 -1.038 -0.613
-41 -26 -1.013 -0.638
-41 -25 -1.013 -0.613
-41 -24 -1.013 -0.588
-40 -26 -0.988 -0.638
-40 -25 -0.988 -0.613
-40 -24 -0.988 -0.588
-39 -25 -0.963 -0.613
-39 -24 -0.963 -0.588
-38 -25 -0.938 -0.613
-38 -24 -0.938 -0.588
-37 -25 -0.913 -0.613
-37 -24 -0.913 -0.588
-37 -23 -0.913 -0.563
-36 -24 -0.888 -0.588
-36 -23 -0.888 -0.563
-35 -24 -0.863 -0.588
-35 -23 -0.863 -0.563
-34 -24 -0.838 -0.588
-34 -23 -0.838 -0.563
-33 -23 -0.813 -0.563
-33 -22 -0.813 -0.538
-32 -23 -0.788 -0.563
-32 -22 -0.788 -0.538
-31 -23 -0.763 -0.563
-31 -22 -0.763 -0.538
-30 -22 -0.738 -0.538
-29 -22 -0.713 -0.538
-29 -21 -0.713 -0.513
-28 -22 -0.688 -0.538
-28 -21 -0.688 -0.513
-28 14 -0.688 0.363
-27 14 -0.663 0.363
-26 -2 -0.638 -0.038
-26 -1 -0.638 -0.013
-26 0 -0.638 0.013
-26 1 -0.638 0.038
-26 2 -0.638 0.063
-26 -4 -0.638 -0.088
-26 -3 -0.638 -0.063
-26 -6 -0.638 -0.138
-26 -5 -0.638 -0.113
-25 -8 -0.613 -0.188
-25 -9 -0.613 -0.213
-24 -10 -0.588 -0.238
-24 -11 -0.588 -0.263
-23 -11 -0.563 -0.263
-23 -12 -0.563 -0.288
-22 -13 -0.538 -0.313
-21 -14 -0.513 -0.338
-21 -15 -0.513 -0.363
-20 -16 -0.488 -0.388
-18 -19 -0.438 -0.463
-12 -26 -0.288 -0.638
-10 -25 -0.238 -0.613
-9 -25 -0.213 -0.613
-9 22 -0.213 0.563
-8 22 -0.188 0.563
-7 -24 -0.163 -0.588
-6 23 -0.138 0.588
-5 23 -0.113 0.588
-4 -23 -0.088 -0.563
-4 24 -0.088 0.613
-62 -24 -1.538 -0.588
-62 -23 -1.538 -0.563
-62 -22 -1.538 -0.538
-61 -24 -1.513 -0.588
-61 -23 -1.513 -0.563
-61 -25 -1.513 -0.613
-60 -25 -1.488 -0.613
-60 -24 -1.488 -0.588
-60 -26 -1.488 -0.638
-59 -26 -1.463 -0.638
-59 -25 -1.463 -0.613
-59 -27 -1.463 -0.663
-58 -27 -1.438 -0.663
-58 -26 -1.438 -0.638
-58 -28 -1.438 -0.688
-57 -28 -1.413 -0.688
-57 -27 -1.413 -0.663
-57 -29 -1.413 -0.713
-56 -29 -1.388 -0.713
-56 -30 -1.388 -0.738
-55 -30 -1.363 -0.738
-55 -31 -1.363 -0.763
-54 -31 -1.338 -0.763
-54 -32 -1.338 -0.788
-53 -32 -1.313 -0.788
-53 -31 -1.313 -0.763
-53 -33 -1.313 -0.813
-52 -33 -1.288 -0.813
-52 -32 -1.288 -0.788
-52 -31 -1.288 -0.763
-51 -33 -1.263 -0.813
-51 -32 -1.263 -0.788
-51 -31 -1.263 -0.763
-51 -30 -1.263 -0.738
-50 -33 -1.238 -0.813
-50 -32 -1.238 -0.788
-50 -31 -1.238 -0.763
-50 -30 -1.238 -0.738
-49 -32 -1.213 -0.788
-49 -31 -1.213 -0.763
-49 -30 -1.213 -0.738
-48 -32 -1.188 -0.788
-48 -31 -1.188 -0.763
-48 -30 -1.188 -0.738
-48 -29 -1.188 -0.713
-47 -32 -1.163 -0.788
-47 -31 -1.163 -0.763
-47 -30 -1.163 -0.738
-47 -29 -1.163 -0.713
-46 -31 -1.138 -0.763
-46 -30 -1.138 -0.738
-46 -29 -1.138 -0.713
-45 -31 -1.113 -0.763
-45 -30 -1.113 -0.738
-45 -29 -1.113 -0.713
-45 -28 -1.113 -0.688
-44 -30 -1.088 -0.738
-44 -29 -1.088 -0.713
-44 -28 -1.088 -0.688
-43 -30 -1.063 -0.738
-43 -29 -1.063 -0.713
-43 -28 -1.063 -0.688
-42 -29 -1.038 -0.713
-42 -28 -1.038 -0.688
-42 -27 -1.038 -0.663
-41 -29 -1.013 -0.713
-41 -28 -1.013 -0.688
-41 -27 -1.013 -0.663
-40 -29 -0.988 -0.713
-40 -28 -0.988 -0.688
-40 -27 -0.988 -0.663
-39 -28 -0.963 -0.688
-39 -27 -0.963 -0.663
-39 -26 -0.963 -0.638
-38 -28 -0.938 -0.688
-38 -27 -0.938 -0.663
-38 -26 -0.938 -0.638
-37 -27 -0.913 -0.663
-37 -26 -0.913 -0.638
-36 -27 -0.888 -0.663
-36 -26 -0.888 -0.638
-36 -25 -0.888 -0.613
-35 -27 -0.863 -0.663
-35 -26 -0.863 -0.638
-35 -25 -0.863 -0.613
-34 -26 -0.838 -0.638
-34 -25 -0.838 -0.613
-33 -26 -0.813 -0.638
-33 -25 -0.813 -0.613
-33 -24 -0.813 -0.588
-32 -25 -0.788 -0.613
-32 -24 -0.788 -0.588
-31 -25 -0.763 -0.613
-31 -24 -0.763 -0.588
-30 -24 -0.738 -0.588
-30 -23 -0.738 -0.563
-29 -24 -0.713 -0.588
-29 -23 -0.713 -0.563
-28 -24 -0.688 -0.588
-28 -23 -0.688 -0.563
