-25 2 -0.613 0.063
-24 0 -0.588 0.013
-23 -2 -0.563 -0.038
-14 -21 -0.338 -0.513
-13 -21 -0.313 -0.513
-12 -21 -0.288 -0.513
-11 -21 -0.263 -0.513
-10 -21 -0.238 -0.513
-7 -20 -0.163 -0.488
-6 -20 -0.138 -0.488
-5 -20 -0.113 -0.488
-1 -19 -0.013 -0.463
0 -19 0.013 -0.463
0 15 0.013 0.388
2 16 0.063 0.413
5 17 0.138 0.438
7 18 0.188 0.463
9 -17 0.238 -0.413
9 19 0.238 0.488
10 -16 0.263 -0.388
11 20 0.288 0.513
12 20 0.313 0.513
13 21 0.338 0.538
14 21 0.363 0.538
22 4 0.563 0.113
23 2 0.588 0.063
24 -1 0.613 -0.013
24 0 0.613 0.013
25 -3 0.638 -0.063
25 -2 0.638 -0.038
17 -21 0.438 -0.513
19 -20 0.488 -0.488
21 -19 0.538 -0.463
22 -19 0.563 -0.463
23 -19 0.588 -0.463
24 -21 0.613 -0.513
24 -20 0.613 -0.488
24 -19 0.613 -0.463
25 -53 0.638 -1.313
25 -24 0.638 -0.588
25 -23 0.638 -0.563
25 -22 0.638 -0.538
26 -52 0.663 -1.288
26 -26 0.663 -0.638
26 -25 0.663 -0.613
26 -24 0.663 -0.588
27 -51 0.688 -1.263
27 -29 0.688 -0.713
27 -28 0.688 -0.688
27 -27 0.688 -0.663
27 -26 0.688 -0.638
28 -50 0.713 -1.238
28 -31 0.713 -0.763
28 -30 0.713 -0.738
28 -29 0.713 -0.713
28 -28 0.713 -0.688
29 -49 0.738 -1.213
29 -34 0.738 -0.838
29 -33 0.738 -0.813
29 -32 0.738 -0.788
29 -31 0.738 -0.763
29 -30 0.738 -0.738
30 -48 0.763 -1.188
30 -36 0.763 -0.888
30 -35 0.763 -0.863
30 -34 0.763 -0.838
30 -33 0.763 -0.813
30 -32 0.763 -0.788
31 -47 0.788 -1.163
31 -38 0.788 -0.938
31 -37 0.788 -0.913
31 -36 0.788 -0.888
31 -35 0.788 -0.863
31 -34 0.788 -0.838
32 -46 0.813 -1.138
32 -41 0.813 -1.013
32 -40 0.813 -0.988
32 -39 0.813 -0.963
32 -38 0.813 -0.938
32 -37 0.813 -0.913
33 -45 0.838 -1.113
33 -44 0.838 -1.088
33 -43 0.838 -1.063
33 -42 0.838 -1.038
33 -41 0.838 -1.013
33 -40 0.838 -0.988
33 -39 0.838 -0.963
34 -44 0.863 -1.088
34 -43 0.863 -1.063
34 -42 0.863 -1.038
34 -41 0.863 -1.013
-25 1 -0.613 0.038
-24 -1 -0.588 -0.013
-23 -3 -0.563 -0.063
-22 -5 -0.538 -0.113
-21 -7 -0.513 -0.163
-9 -21 -0.213 -0.513
-5 13 -0.113 0.338
-3 14 -0.063 0.363
-1 15 -0.013 0.388
1 16 0.038 0.413
3 17 0.088 0.438
4 17 0.113 0.438
5 18 0.138 0.463
6 18 0.163 0.463
7 19 0.188 0.488
8 19 0.213 0.488
9 20 0.238 0.513
10 20 0.263 0.513
10 21 0.263 0.538
11 21 0.288 0.538
12 21 0.313 0.538
12 22 0.313 0.563
13 22 0.338 0.563
24 1 0.613 0.038
25 -1 0.638 -0.013
23 -18 0.588 -0.438
24 -18 0.613 -0.438
25 -21 0.638 -0.513
25 -20 0.638 -0.488
25 -19 0.638 -0.463
26 -23 0.663 -0.563
26 -22 0.663 -0.538
26 -21 0.663 -0.513
27 -52 0.688 -1.288
27 -25 0.688 -0.613
27 -24 0.688 -0.588
27 -23 0.688 -0.563
28 -52 0.713 -1.288
28 -51 0.713 -1.263
28 -27 0.713 -0.663
28 -26 0.713 -0.638
28 -25 0.713 -0.613
29 -50 0.738 -1.238
29 -29 0.738 -0.713
29 -28 0.738 -0.688
29 -27 0.738 -0.663
29 -26 0.738 -0.638
30 -49 0.763 -1.213
30 -31 0.763 -0.763
30 -30 0.763 -0.738
30 -29 0.763 -0.713
30 -28 0.763 -0.688
31 -48 0.788 -1.188
31 -33 0.788 -0.813
31 -32 0.788 -0.788
31 -31 0.788 -0.763
31 -30 0.788 -0.738
32 -47 0.813 -1.163
32 -36 0.813 -0.888
32 -35 0.813 -0.863
32 -34 0.813 -0.838
32 -33 0.813 -0.813
32 -32 0.813 -0.788
33 -46 0.838 -1.138
33 -38 0.838 -0.938
33 -37 0.838 -0.913
33 -36 0.838 -0.888
33 -35 0.838 -0.863
33 -34 0.838 -0.838
34 -40 0.863 -0.988
34 -39 0.863 -0.963
34 -38 0.863 -0.938
34 -37 0.863 -0.913
34 -36 0.863 -0.888
35 -43 0.888 -1.063
35 -42 0.888 -1.038
35 -41 0.888 -1.013
35 -40 0.888 -0.988
35 -39 0.888 -0.963
35 -38 0.888 -0.938
36 -42 0.913 -1.038
36 -41 0.913 -1.013
36 -40 0.913 -0.988
-25 0 -0.613 0.013
-24 -2 -0.588 -0.038
-23 -4 -0.563 -0.088
-12 -22 -0.288 -0.538
-11 -22 -0.263 -0.538
-10 -22 -0.238 -0.538
-8 -21 -0.188 -0.513
-7 -21 -0.163 -0.513
-6 -21 -0.138 -0.513
-4 -20 -0.088 -0.488
-3 -20 -0.063 -0.488
0 16 0.013 0.413
1 -19 0.038 -0.463
2 17 0.063 0.438
4 18 0.113 0.463
6 19 0.163 0.488
7 20 0.188 0.513
8 20 0.213 0.513
9 21 0.238 0.538
11 22 0.288 0.563
21 7 0.538 0.188
22 5 0.563 0.138
23 3 0.588 0.088
25 0 0.638 0.013
16 -21 0.413 -0.513
18 -20 0.463 -0.488
20 -19 0.513 -0.463
22 -18 0.563 -0.438
23 -17 0.588 -0.413
24 -17 0.613 -0.413
25 -18 0.638 -0.438
25 -17 0.638 -0.413
26 -20 0.663 -0.488
26 -19 0.663 -0.463
26 -18 0.663 -0.438
27 -22 0.688 -0.538
27 -21 0.688 -0.513
27 -20 0.688 -0.488
28 -24 0.713 -0.588
28 -23 0.713 -0.563
28 -22 0.713 -0.538
28 -21 0.713 -0.513
29 -51 0.738 -1.263
29 -25 0.738 -0.613
29 -24 0.738 -0.588
29 -23 0.738 -0.563
30 -51 0.763 -1.263
30 -50 0.763 -1.238
30 -27 0.763 -0.663
30 -26 0.763 -0.638
30 -25 0.763 -0.613
31 -49 0.788 -1.213
31 -29 0.788 -0.713
31 -28 0.788 -0.688
31 -27 0.788 -0.663
32 -48 0.813 -1.188
32 -31 0.813 -0.763
32 -30 0.813 -0.738
32 -29 0.813 -0.713
32 -28 0.813 -0.688
33 -47 0.838 -1.163
33 -33 0.838 -0.813
33 -32 0.838 -0.788
33 -31 0.838 -0.763
33 -30 0.838 -0.738
34 -45 0.863 -1.113
34 -35 0.863 -0.863
34 -34 0.863 -0.838
34 -33 0.863 -0.813
34 -32 0.863 -0.788
35 -44 0.888 -1.088
35 -37 0.888 -0.913
35 -36 0.888 -0.888
35 -35 0.888 -0.863
35 -34 0.888 -0.838
36 -43 0.913 -1.063
36 -39 0.913 -0.963
36 -38 0.913 -0.938
36 -37 0.913 -0.913
36 -36 0.913 -0.888
36 -35 0.913 -0.863
37 -42 0.938 -1.038
37 -41 0.938 -1.013
37 -40 0.938 -0.988
37 -39 0.938 -0.963
37 -38 0.938 -0.938
37 -37 0.938 -0.913
38 -40 0.963 -0.988
38 -39 0.963 -0.963
-25 -1 -0.613 -0.013
-24 -3 -0.588 -0.063
-22 -6 -0.538 -0.138
-9 -22 -0.213 -0.538
-8 -22 -0.188 -0.538
-5 -21 -0.113 -0.513
-4 14 -0.088 0.363
-2 -20 -0.038 -0.488
-2 15 -0.038 0.388
1 17 0.038 0.438
3 18 0.088 0.463
4 19 0.113 0.488
5 19 0.138 0.488
6 20 0.163 0.513
7 21 0.188 0.538
8 21 0.213 0.538
9 22 0.238 0.563
10 22 0.263 0.563
11 23 0.288 0.588
20 9 0.513 0.238
22 6 0.563 0.163
23 4 0.588 0.113
24 2 0.613 0.063
24 3 0.613 0.088
25 1 0.638 0.038
19 -19 0.488 -0.463
21 -18 0.538 -0.438
24 -16 0.613 -0.388
25 -16 0.638 -0.388
26 -17 0.663 -0.413
26 -16 0.663 -0.388
27 -19 0.688 -0.463
27 -18 0.688 -0.438
27 -17 0.688 -0.413
28 -20 0.713 -0.488
28 -19 0.713 -0.463
29 -22 0.738 -0.538
29 -21 0.738 -0.513
29 -20 0.738 -0.488
30 -24 0.763 -0.588
30 -23 0.763 -0.563
30 -22 0.763 -0.538
31 -50 0.788 -1.238
31 -26 0.788 -0.638
31 -25 0.788 -0.613
31 -24 0.788 -0.588
31 -23 0.788 -0.563
32 -49 0.813 -1.213
32 -27 0.813 -0.663
32 -26 0.813 -0.638
32 -25 0.813 -0.613
33 -48 0.838 -1.188
33 -29 0.838 -0.713
33 -28 0.838 -0.688
33 -27 0.838 -0.663
34 -47 0.863 -1.163
34 -46 0.863 -1.138
34 -31 0.863 -0.763
34 -30 0.863 -0.738
34 -29 0.863 -0.713
34 -28 0.863 -0.688
35 -45 0.888 -1.113
35 -33 0.888 -0.813
35 -32 0.888 -0.788
35 -31 0.888 -0.763
35 -30 0.888 -0.738
36 -44 0.913 -1.088
36 -34 0.913 -0.838
36 -33 0.913 -0.813
36 -32 0.913 -0.788
36 -31 0.913 -0.763
37 -43 0.938 -1.063
37 -36 0.938 -0.888
37 -35 0.938 -0.863
37 -34 0.938 -0.838
37 -33 0.938 -0.813
38 -41 0.963 -1.013
38 -38 0.963 -0.938
38 -37 0.963 -0.913
38 -36 0.963 -0.888
38 -35 0.963 -0.863
38 -34 0.963 -0.838
39 -40 0.988 -0.988
39 -39 0.988 -0.963
39 -38 0.988 -0.938
39 -37 0.988 -0.913
39 -36 0.988 -0.888
40 -38 1.013 -0.938
-25 -2 -0.613 -0.038
-24 -4 -0.588 -0.088
-23 -5 -0.563 -0.113
-21 -8 -0.513 -0.188
-10 -23 -0.238 -0.563
-9 -23 -0.213 -0.563
-8 -23 -0.188 -0.563
-7 -22 -0.163 -0.538
-6 -22 -0.138 -0.538
-4 -21 -0.088 -0.513
-3 -21 -0.063 -0.513
-1 -20 -0.013 -0.488
-1 16 -0.013 0.413
2 -19 0.063 -0.463
2 18 0.063 0.463
3 19 0.088 0.488
5 20 0.138 0.513
6 21 0.163 0.538
8 22 0.213 0.563
9 23 0.238 0.588
10 23 0.263 0.588
23 5 0.588 0.138
25 2 0.638 0.063
17 -20 0.438 -0.488
20 -18 0.513 -0.438
22 -17 0.563 -0.413
23 -16 0.588 -0.388
25 -15 0.638 -0.363
26 -15 0.663 -0.363
26 -14 0.663 -0.338
27 -16 0.688 -0.388
27 -15 0.688 -0.363
28 -18 0.713 -0.438
28 -17 0.713 -0.413
28 -16 0.713 -0.388
29 -19 0.738 -0.463
29 -18 0.738 -0.438
30 -21 0.763 -0.513
30 -20 0.763 -0.488
30 -19 0.763 -0.463
31 -22 0.788 -0.538
31 -21 0.788 -0.513
31 -20 0.788 -0.488
32 -24 0.813 -0.588
32 -23 0.813 -0.563
32 -22 0.813 -0.538
33 -26 0.838 -0.638
33 -25 0.838 -0.613
33 -24 0.838 -0.588
33 -23 0.838 -0.563
34 -48 0.863 -1.188
34 -27 0.863 -0.663
34 -26 0.863 -0.638
34 -25 0.863 -0.613
35 -47 0.888 -1.163
35 -46 0.888 -1.138
35 -29 0.888 -0.713
35 -28 0.888 -0.688
35 -27 0.888 -0.663
35 -26 0.888 -0.638
36 -45 0.913 -1.113
36 -30 0.913 -0.738
36 -29 0.913 -0.713
36 -28 0.913 -0.688
37 -44 0.938 -1.088
37 -32 0.938 -0.788
37 -31 0.938 -0.763
37 -30 0.938 -0.738
37 -29 0.938 -0.713
38 -42 0.963 -1.038
38 -33 0.963 -0.813
38 -32 0.963 -0.788
38 -31 0.963 -0.763
38 -30 0.963 -0.738
39 -41 0.988 -1.013
39 -35 0.988 -0.863
39 -34 0.988 -0.838
39 -33 0.988 -0.813
39 -32 0.988 -0.788
40 -39 1.013 -0.963
40 -37 1.013 -0.913
40 -36 1.013 -0.888
40 -35 1.013 -0.863
40 -34 1.013 -0.838
40 -33 1.013 -0.813
41 -37 1.038 -0.913
41 -36 1.038 -0.888
41 -35 1.038 -0.863
-25 -3 -0.613 -0.063
-22 -7 -0.538 -0.163
-7 -23 -0.163 -0.563
-5 -22 -0.113 -0.538
-4 -22 -0.088 -0.538
-3 15 -0.063 0.388
-2 -21 -0.038 -0.513
0 -20 0.013 -0.488
0 17 0.013 0.438
1 18 0.038 0.463
3 -19 0.088 -0.463
4 20 0.113 0.513
5 21 0.138 0.538
7 22 0.188 0.563
8 23 0.213 0.588
12 -15 0.313 -0.363
13 -14 0.338 -0.338
19 11 0.488 0.288
20 10 0.513 0.263
21 8 0.538 0.213
22 7 0.563 0.188
23 6 0.588 0.163
24 4 0.613 0.113
25 3 0.638 0.088
24 -15 0.613 -0.363
25 -14 0.638 -0.338
27 -14 0.688 -0.338
27 -13 0.688 -0.313
28 -15 0.713 -0.363
28 -14 0.713 -0.338
29 -17 0.738 -0.413
29 -16 0.738 -0.388
30 -18 0.763 -0.438
30 -17 0.763 -0.413
31 -19 0.788 -0.463
31 -18 0.788 -0.438
32 -21 0.813 -0.513
32 -20 0.813 -0.488
32 -19 0.813 -0.463
33 -22 0.838 -0.538
33 -21 0.838 -0.513
34 -24 0.863 -0.588
34 -23 0.863 -0.563
34 -22 0.863 -0.538
35 -25 0.888 -0.613
35 -24 0.888 -0.588
35 -23 0.888 -0.563
36 -47 0.913 -1.163
36 -46 0.913 -1.138
36 -27 0.913 -0.663
36 -26 0.913 -0.638
36 -25 0.913 -0.613
37 -46 0.938 -1.138
37 -45 0.938 -1.113
37 -28 0.938 -0.688
37 -27 0.938 -0.663
37 -26 0.938 -0.638
38 -44 0.963 -1.088
38 -43 0.963 -1.063
38 -29 0.963 -0.713
38 -28 0.963 -0.688
38 -27 0.963 -0.663
39 -42 0.988 -1.038
39 -31 0.988 -0.763
39 -30 0.988 -0.738
39 -29 0.988 -0.713
40 -40 1.013 -0.988
40 -32 1.013 -0.788
40 -31 1.013 -0.763
40 -30 1.013 -0.738
41 -39 1.038 -0.963
41 -38 1.038 -0.938
41 -34 1.038 -0.838
41 -33 1.038 -0.813
41 -32 1.038 -0.788
41 -31 1.038 -0.763
42 -37 1.063 -0.913
42 -36 1.063 -0.888
42 -35 1.063 -0.863
42 -34 1.063 -0.838
42 -33 1.063 -0.813
42 -32 1.063 -0.788
43 -35 1.088 -0.863
43 -34 1.088 -0.838
-25 -4 -0.613 -0.088
-24 -5 -0.588 -0.113
-23 -6 -0.563 -0.138
-20 -10 -0.488 -0.238
-8 -24 -0.188 -0.588
-7 -24 -0.163 -0.588
-6 -23 -0.138 -0.563
-6 13 -0.138 0.338
-5 -23 -0.113 -0.563
-3 -22 -0.063 -0.538
-2 16 -0.038 0.413
-1 -21 -0.013 -0.513
-1 17 -0.013 0.438
0 18 0.013 0.463
1 -20 0.038 -0.488
2 19 0.063 0.488
3 20 0.088 0.513
4 21 0.113 0.538
5 22 0.138 0.563
6 22 0.163 0.563
6 23 0.163 0.588
7 23 0.188 0.588
8 24 0.213 0.613
21 9 0.538 0.238
24 5 0.613 0.138
25 4 0.638 0.113
21 -17 0.538 -0.413
22 -16 0.563 -0.388
23 -15 0.588 -0.363
24 -14 0.613 -0.338
26 -13 0.663 -0.313
27 -12 0.688 -0.288
28 -13 0.713 -0.313
29 -15 0.738 -0.363
29 -14 0.738 -0.338
30 -16 0.763 -0.388
30 -15 0.763 -0.363
31 -17 0.788 -0.413
31 -16 0.788 -0.388
32 -18 0.813 -0.438
32 -17 0.813 -0.413
33 -20 0.838 -0.488
33 -19 0.838 -0.463
34 -21 0.863 -0.513
34 -20 0.863 -0.488
35 -22 0.888 -0.538
35 -21 0.888 -0.513
36 -24 0.913 -0.588
36 -23 0.913 -0.563
36 -22 0.913 -0.538
37 -25 0.938 -0.613
37 -24 0.938 -0.588
37 -23 0.938 -0.563
38 -45 0.963 -1.113
38 -26 0.963 -0.638
38 -25 0.963 -0.613
39 -43 0.988 -1.063
39 -28 0.988 -0.688
39 -27 0.988 -0.663
39 -26 0.988 -0.638
40 -41 1.013 -1.013
40 -29 1.013 -0.713
40 -28 1.013 -0.688
40 -27 1.013 -0.663
41 -40 1.038 -0.988
41 -30 1.038 -0.738
41 -29 1.038 -0.713
41 -28 1.038 -0.688
42 -38 1.063 -0.938
42 -31 1.063 -0.763
42 -30 1.063 -0.738
42 -29 1.063 -0.713
43 -36 1.088 -0.888
43 -33 1.088 -0.813
43 -32 1.088 -0.788
43 -31 1.088 -0.763
44 -34 1.113 -0.838
44 -33 1.113 -0.813
44 -32 1.113 -0.788
-23 -7 -0.563 -0.163
-22 -8 -0.538 -0.188
-21 -9 -0.513 -0.213
-6 -24 -0.138 -0.588
-5 14 -0.113 0.363
-4 -23 -0.088 -0.563
-4 15 -0.088 0.388
-2 -22 -0.038 -0.538
0 -21 0.013 -0.513
1 19 0.038 0.488
2 -20 0.063 -0.488
2 20 0.063 0.513
3 21 0.088 0.538
4 -19 0.113 -0.463
4 22 0.113 0.563
5 23 0.138 0.588
6 -18 0.163 -0.438
6 24 0.163 0.613
7 24 0.188 0.613
14 -13 0.363 -0.313
22 8 0.563 0.213
23 7 0.588 0.188
24 6 0.613 0.163
25 5 0.638 0.138
18 -19 0.463 -0.463
19 -18 0.488 -0.438
20 -17 0.513 -0.413
25 -13 0.638 -0.313
26 -12 0.663 -0.288
27 -11 0.688 -0.263
28 -12 0.713 -0.288
28 -11 0.713 -0.263
29 -13 0.738 -0.313
29 -12 0.738 -0.288
30 -14 0.763 -0.338
30 -13 0.763 -0.313
31 -15 0.788 -0.363
31 -14 0.788 -0.338
32 -16 0.813 -0.388
32 -15 0.813 -0.363
33 -18 0.838 -0.438
33 -17 0.838 -0.413
33 -16 0.838 -0.388
34 -19 0.863 -0.463
34 -18 0.863 -0.438
34 -17 0.863 -0.413
35 -20 0.888 -0.488
35 -19 0.888 -0.463
35 -18 0.888 -0.438
36 -21 0.913 -0.513
36 -20 0.913 -0.488
36 -19 0.913 -0.463
37 -22 0.938 -0.538
37 -21 0.938 -0.513
37 -20 0.938 -0.488
38 -24 0.963 -0.588
38 -23 0.963 -0.563
38 -22 0.963 -0.538
38 -21 0.963 -0.513
39 -25 0.988 -0.613
39 -24 0.988 -0.588
39 -23 0.988 -0.563
40 -43 1.013 -1.063
40 -42 1.013 -1.038
40 -26 1.013 -0.638
40 -25 1.013 -0.613
40 -24 1.013 -0.588
41 -41 1.038 -1.013
41 -27 1.038 -0.663
41 -26 1.038 -0.638
41 -25 1.038 -0.613
42 -39 1.063 -0.963
42 -28 1.063 -0.688
42 -27 1.063 -0.663
42 -26 1.063 -0.638
43 -37 1.088 -0.913
43 -30 1.088 -0.738
43 -29 1.088 -0.713
43 -28 1.088 -0.688
43 -27 1.088 -0.663
44 -35 1.113 -0.863
44 -31 1.113 -0.763
44 -30 1.113 -0.738
44 -29 1.113 -0.713
44 -28 1.113 -0.688
45 -33 1.138 -0.813
45 -32 1.138 -0.788
45 -31 1.138 -0.763
45 -30 1.138 -0.738
45 -29 1.138 -0.713
46 -30 1.163 -0.738
-24 -6 -0.588 -0.138
-24 -7 -0.588 -0.163
-23 -8 -0.563 -0.188
-22 -9 -0.538 -0.213
-21 -10 -0.513 -0.238
-20 -11 -0.488 -0.263
-19 -12 -0.463 -0.288
-5 -24 -0.113 -0.588
-4 -24 -0.088 -0.588
-3 -23 -0.063 -0.563
-3 16 -0.063 0.413
-2 17 -0.038 0.438
-1 -22 -0.013 -0.538
-1 18 -0.013 0.463
0 19 0.013 0.488
1 -21 0.038 -0.513
1 20 0.038 0.513
2 21 0.063 0.538
3 22 0.088 0.563
4 23 0.113 0.588
5 24 0.138 0.613
28 -10 0.713 -0.238
29 -11 0.738 -0.263
29 -10 0.738 -0.238
30 -12 0.763 -0.288
30 -11 0.763 -0.263
31 -13 0.788 -0.313
31 -12 0.788 -0.288
32 -14 0.813 -0.338
32 -13 0.813 -0.313
33 -15 0.838 -0.363
33 -14 0.838 -0.338
34 -16 0.863 -0.388
34 -15 0.863 -0.363
35 -17 0.888 -0.413
35 -16 0.888 -0.388
36 -18 0.913 -0.438
36 -17 0.913 -0.413
37 -19 0.938 -0.463
37 -18 0.938 -0.438
38 -20 0.963 -0.488
38 -19 0.963 -0.463
39 -22 0.988 -0.538
39 -21 0.988 -0.513
39 -20 0.988 -0.488
40 -23 1.013 -0.563
40 -22 1.013 -0.538
40 -21 1.013 -0.513
41 -42 1.038 -1.038
41 -24 1.038 -0.588
41 -23 1.038 -0.563
41 -22 1.038 -0.538
42 -41 1.063 -1.013
42 -40 1.063 -0.988
42 -25 1.063 -0.613
42 -24 1.063 -0.588
42 -23 1.063 -0.563
43 -39 1.088 -0.963
43 -38 1.088 -0.938
43 -26 1.088 -0.638
43 -25 1.088 -0.613
43 -24 1.088 -0.588
44 -37 1.113 -0.913
44 -36 1.113 -0.888
44 -27 1.113 -0.663
44 -26 1.113 -0.638
44 -25 1.113 -0.613
45 -34 1.138 -0.838
45 -28 1.138 -0.688
45 -27 1.138 -0.663
45 -26 1.138 -0.638
46 -32 1.163 -0.788
46 -31 1.163 -0.763
46 -29 1.163 -0.713
46 -28 1.163 -0.688
46 -27 1.163 -0.663
47 -30 1.188 -0.738
47 -29 1.188 -0.713
47 -28 1.188 -0.688
