-25 5 -0.613 0.138
-24 3 -0.588 0.088
-22 0 -0.538 0.013
-21 -2 -0.513 -0.038
-19 -5 -0.463 -0.113
-18 -7 -0.438 -0.163
-16 -10 -0.388 -0.238
-15 -12 -0.363 -0.288
-14 -13 -0.338 -0.313
-12 -15 -0.288 -0.363
-10 -16 -0.238 -0.388
-9 -17 -0.213 -0.413
-7 -18 -0.163 -0.438
-5 -19 -0.113 -0.463
-4 -20 -0.088 -0.488
-2 -21 -0.038 -0.513
0 -22 0.013 -0.538
1 -23 0.038 -0.563
3 -24 0.088 -0.588
5 -25 0.138 -0.613
-47 -31 -1.163 -0.763
-46 -33 -1.138 -0.813
-45 -35 -1.113 -0.863
-44 -38 -1.088 -0.938
-43 -40 -1.063 -0.988
-42 -42 -1.038 -1.038
-41 -43 -1.013 -1.063
-38 -44 -0.938 -1.088
-36 -45 -0.888 -1.113
-33 -46 -0.813 -1.138
-31 -47 -0.763 -1.163
-25 4 -0.613 0.113
-24 2 -0.588 0.063
-23 1 -0.563 0.038
-22 -1 -0.538 -0.013
-21 -3 -0.513 -0.063
-20 -4 -0.488 -0.088
-19 -6 -0.463 -0.138
-18 -8 -0.438 -0.188
-17 -9 -0.413 -0.213
-16 -11 -0.388 -0.263
-15 -13 -0.363 -0.313
-14 -14 -0.338 -0.338
-13 -15 -0.313 -0.363
-11 -16 -0.263 -0.388
-10 -17 -0.238 -0.413
-8 -18 -0.188 -0.438
-6 -19 -0.138 -0.463
-3 -21 -0.063 -0.513
-1 -22 -0.013 -0.538
2 -24 0.063 -0.588
4 -25 0.113 -0.613
-48 -30 -1.188 -0.738
-48 -29 -1.188 -0.713
-47 -32 -1.163 -0.788
-46 -34 -1.138 -0.838
-45 -36 -1.113 -0.888
-45 -37 -1.113 -0.913
-44 -39 -1.088 -0.963
-43 -41 -1.063 -1.013
-42 -43 -1.038 -1.063
-39 -44 -0.963 -1.088
-37 -45 -0.913 -1.113
-35 -46 -0.863 -1.138
-34 -46 -0.838 -1.138
-32 -47 -0.788 -1.163
-30 -48 -0.738 -1.188
-29 -48 -0.713 -1.188
-25 3 -0.613 0.088
-24 1 -0.588 0.038
-23 0 -0.563 0.013
-22 -2 -0.538 -0.038
-21 -4 -0.513 -0.088
-20 -5 -0.488 -0.113
-19 -7 -0.463 -0.163
-18 -9 -0.438 -0.213
-17 -10 -0.413 -0.238
-16 -12 -0.388 -0.288
-14 -15 -0.338 -0.363
-12 -16 -0.288 -0.388
-9 -18 -0.213 -0.438
-7 -19 -0.163 -0.463
-5 -20 -0.113 -0.488
-4 -21 -0.088 -0.513
-2 -22 -0.038 -0.538
0 -23 0.013 -0.563
1 -24 0.038 -0.588
3 -25 0.088 -0.613
-48 -31 -1.188 -0.763
-47 -33 -1.163 -0.813
-46 -35 -1.138 -0.863
-45 -38 -1.113 -0.938
-44 -40 -1.088 -0.988
-43 -42 -1.063 -1.038
-41 -44 -1.013 -1.088
-40 -44 -0.988 -1.088
-38 -45 -0.938 -1.113
-36 -46 -0.888 -1.138
-33 -47 -0.813 -1.163
-31 -48 -0.763 -1.188
