-7 -18 -0.163 -0.438
5 -13 0.138 -0.313
10 -11 0.263 -0.263
17 -8 0.438 -0.188
17 16 0.438 0.413
18 14 0.463 0.363
19 11 0.488 0.288
20 9 0.513 0.238
22 -6 0.563 -0.138
22 4 0.563 0.113
24 -1 0.613 -0.013
25 -3 0.638 -0.063
-14 -21 -0.338 -0.513
-11 -20 -0.263 -0.488
-9 -19 -0.213 -0.463
-4 -17 -0.088 -0.413
-2 -16 -0.038 -0.388
1 -15 0.038 -0.363
3 -14 0.088 -0.338
6 -13 0.163 -0.313
8 -12 0.213 -0.288
13 -10 0.338 -0.238
15 -9 0.388 -0.213
18 -8 0.463 -0.188
20 -7 0.513 -0.163
25 -5 0.638 -0.113
-29 34 -0.713 0.863
-27 29 -0.663 0.738
-24 22 -0.588 0.563
-22 19 -0.538 0.488
-19 20 -0.463 0.513
-17 21 -0.413 0.538
-12 23 -0.288 0.588
-10 24 -0.238 0.613
-7 25 -0.163 0.638
-5 26 -0.113 0.663
-2 27 -0.038 0.688
0 28 0.013 0.713
-15 -21 -0.363 -0.513
-13 -21 -0.313 -0.513
-8 -19 -0.188 -0.463
-6 -18 -0.138 -0.438
-3 -17 -0.063 -0.413
-1 -16 -0.013 -0.388
2 -15 0.063 -0.363
4 -14 0.113 -0.338
9 -12 0.238 -0.288
11 -11 0.288 -0.263
14 -10 0.363 -0.238
16 -9 0.413 -0.213
21 -7 0.538 -0.163
23 -6 0.588 -0.138
-21 19 -0.513 0.488
-18 20 -0.438 0.513
-16 21 -0.388 0.538
-14 22 -0.338 0.563
-13 22 -0.313 0.563
-11 23 -0.263 0.588
-9 24 -0.213 0.613
-6 25 -0.138 0.638
-6 51 -0.138 1.288
-4 26 -0.088 0.663
-1 27 -0.013 0.688
1 28 0.038 0.713
1 34 0.038 0.863
-10 -20 -0.238 -0.488
-5 -18 -0.113 -0.438
7 -13 0.188 -0.313
12 -11 0.313 -0.263
16 19 0.413 0.488
19 -8 0.488 -0.188
23 2 0.588 0.063
24 -6 0.613 -0.138
-12 -21 -0.288 -0.513
-9 -20 -0.213 -0.488
-7 -19 -0.163 -0.463
-2 -17 -0.038 -0.413
0 -16 0.013 -0.388
3 -15 0.088 -0.363
5 -14 0.138 -0.338
10 -12 0.263 -0.288
15 -10 0.388 -0.238
17 -9 0.438 -0.213
20 -8 0.513 -0.188
22 -7 0.563 -0.163
-20 19 -0.488 0.488
-17 20 -0.413 0.513
-15 21 -0.363 0.538
-10 23 -0.238 0.588
-8 24 -0.188 0.613
-5 25 -0.113 0.638
-3 26 -0.063 0.663
2 28 0.063 0.713
-14 -22 -0.338 -0.538
-13 -22 -0.313 -0.538
-11 -21 -0.263 -0.513
-6 -19 -0.138 -0.463
-4 -18 -0.088 -0.438
-1 -17 -0.013 -0.413
1 -16 0.038 -0.388
6 -14 0.163 -0.338
8 -13 0.213 -0.313
11 -12 0.288 -0.288
13 -11 0.338 -0.263
16 -10 0.413 -0.238
18 -9 0.463 -0.213
23 -7 0.588 -0.163
25 -6 0.638 -0.138
-22 18 -0.538 0.463
-21 18 -0.513 0.463
-19 19 -0.463 0.488
-16 20 -0.388 0.513
-14 21 -0.338 0.538
-12 22 -0.288 0.563
-11 22 -0.263 0.563
-9 23 -0.213 0.588
-7 24 -0.163 0.613
-4 25 -0.088 0.638
-2 26 -0.038 0.663
-1 39 -0.013 0.988
0 27 0.013 0.688
1 27 0.038 0.688
3 28 0.088 0.713
3 29 0.088 0.738
-8 -20 -0.188 -0.488
-3 -18 -0.063 -0.438
4 -15 0.113 -0.363
9 -13 0.238 -0.313
21 -8 0.538 -0.188
21 7 0.538 0.188
26 -6 0.663 -0.138
26 -5 0.663 -0.113
-12 -22 -0.288 -0.538
-10 -21 -0.238 -0.513
-7 -20 -0.163 -0.488
-5 -19 -0.113 -0.463
0 -17 0.013 -0.413
2 -16 0.063 -0.388
5 -15 0.138 -0.363
7 -14 0.188 -0.338
12 -12 0.313 -0.288
14 -11 0.363 -0.263
17 -10 0.438 -0.238
19 -9 0.488 -0.213
24 -7 0.613 -0.163
-20 18 -0.488 0.463
-18 19 -0.438 0.488
-15 20 -0.363 0.513
-13 21 -0.313 0.538
-8 23 -0.188 0.588
-6 24 -0.138 0.613
-3 25 -0.063 0.638
-1 26 -0.013 0.663
-11 -22 -0.263 -0.538
-9 -21 -0.213 -0.513
-4 -19 -0.088 -0.463
-2 -18 -0.038 -0.438
1 -17 0.038 -0.413
3 -16 0.088 -0.388
8 -14 0.213 -0.338
10 -13 0.263 -0.313
13 -12 0.338 -0.288
15 -11 0.388 -0.263
20 -9 0.513 -0.213
22 -8 0.563 -0.188
25 -7 0.638 -0.163
-19 18 -0.463 0.463
-17 19 -0.413 0.488
-14 20 -0.338 0.513
-12 21 -0.288 0.538
-10 22 -0.238 0.563
-7 23 -0.163 0.588
-5 24 -0.113 0.613
-3 44 -0.063 1.113
-2 25 -0.038 0.638
0 26 0.013 0.663
2 27 0.063 0.688
3 27 0.088 0.688
