-21 14 -0.513 0.363
-21 15 -0.513 0.388
-20 11 -0.488 0.288
-19 9 -0.463 0.238
-17 4 -0.413 0.113
-16 2 -0.388 0.063
-16 17 -0.388 0.438
-15 -1 -0.363 -0.013
-14 -3 -0.338 -0.063
-12 -8 -0.288 -0.188
-11 -10 -0.263 -0.238
-10 -13 -0.238 -0.313
-9 -15 -0.213 -0.363
-7 -20 -0.163 -0.488
-5 -25 -0.113 -0.613
-4 22 -0.088 0.563
1 24 0.038 0.613
19 22 0.488 0.563
20 19 0.513 0.488
21 17 0.538 0.438
23 12 0.588 0.313
24 10 0.613 0.263
25 7 0.638 0.188
26 5 0.663 0.138
27 2 0.688 0.063
28 0 0.713 0.013
29 27 0.738 0.688
34 29 0.863 0.738
41 32 1.038 0.813
-21 13 -0.513 0.338
-20 10 -0.488 0.263
-19 8 -0.463 0.213
-18 6 -0.438 0.163
-17 3 -0.413 0.088
-16 1 -0.388 0.038
-15 -2 -0.363 -0.038
-14 -4 -0.338 -0.088
-13 -6 -0.313 -0.138
-13 -7 -0.313 -0.163
-12 -9 -0.288 -0.213
-11 -11 -0.263 -0.263
-10 -14 -0.238 -0.338
-9 -16 -0.213 -0.388
-8 -18 -0.188 -0.438
-8 -19 -0.188 -0.463
-7 -21 -0.163 -0.513
-6 -23 -0.138 -0.563
9 -20 0.238 -0.488
19 21 0.488 0.538
20 18 0.513 0.463
21 16 0.538 0.413
22 14 0.563 0.363
22 13 0.563 0.338
23 11 0.588 0.288
24 9 0.613 0.238
25 6 0.638 0.163
26 4 0.663 0.113
27 1 0.688 0.038
28 -1 0.713 -0.013
34 -1 0.863 -0.013
-21 12 -0.513 0.313
-19 7 -0.463 0.188
-18 5 -0.438 0.138
-17 2 -0.413 0.063
-16 0 -0.388 0.013
-15 -3 -0.363 -0.063
-14 -5 -0.338 -0.113
-12 -10 -0.288 -0.238
-11 -12 -0.263 -0.288
-10 -15 -0.238 -0.363
-9 -17 -0.213 -0.413
-7 -22 -0.163 -0.538
-6 -24 -0.138 -0.588
19 20 0.488 0.513
20 17 0.513 0.438
21 15 0.538 0.388
23 10 0.588 0.263
24 8 0.613 0.213
25 5 0.638 0.138
26 3 0.663 0.088
28 -2 0.713 -0.038
-22 13 -0.538 0.338
-22 14 -0.538 0.363
-21 11 -0.513 0.288
-20 9 -0.488 0.238
-20 8 -0.488 0.213
-19 6 -0.463 0.163
-18 4 -0.438 0.113
-17 1 -0.413 0.038
-16 -1 -0.388 -0.013
-15 -4 -0.363 -0.088
-14 -6 -0.338 -0.138
-13 -8 -0.313 -0.188
-12 -11 -0.288 -0.263
-11 -13 -0.263 -0.313
-10 -16 -0.238 -0.388
-9 -18 -0.213 -0.438
-8 -20 -0.188 -0.488
-8 -21 -0.188 -0.513
-7 -23 -0.163 -0.563
-6 -25 -0.138 -0.613
-3 -25 -0.063 -0.613
14 -18 0.363 -0.438
18 21 0.463 0.538
18 22 0.463 0.563
19 19 0.488 0.488
20 16 0.513 0.413
21 14 0.538 0.363
22 12 0.563 0.313
22 11 0.563 0.288
23 9 0.588 0.238
24 7 0.613 0.188
25 4 0.638 0.113
26 2 0.663 0.063
27 0 0.688 0.013
27 -1 0.688 -0.013
28 -3 0.713 -0.063
29 -3 0.738 -0.063
39 1 0.988 0.038
51 6 1.288 0.163
-22 12 -0.538 0.313
-21 10 -0.513 0.263
-19 5 -0.463 0.138
-18 3 -0.438 0.088
-17 0 -0.413 0.013
-16 -2 -0.388 -0.038
-14 -7 -0.338 -0.163
-13 -9 -0.313 -0.213
-12 -12 -0.288 -0.288
-11 -14 -0.263 -0.338
-10 -17 -0.238 -0.413
-9 -19 -0.213 -0.463
-7 -24 -0.163 -0.588
18 20 0.463 0.513
19 18 0.488 0.463
20 15 0.513 0.388
21 13 0.538 0.338
23 8 0.588 0.213
24 6 0.613 0.163
25 3 0.638 0.088
26 1 0.663 0.038
-22 11 -0.538 0.288
-21 9 -0.513 0.238
-20 7 -0.488 0.188
-20 6 -0.488 0.163
-19 4 -0.463 0.113
-18 2 -0.438 0.063
-17 -1 -0.413 -0.013
-16 -3 -0.388 -0.063
-15 -5 -0.363 -0.113
-15 -6 -0.363 -0.138
-14 -8 -0.338 -0.188
-13 -10 -0.313 -0.238
-12 -13 -0.288 -0.313
-11 -15 -0.263 -0.363
-10 -18 -0.238 -0.438
-9 -20 -0.213 -0.488
-8 -22 -0.188 -0.538
-8 -23 -0.188 -0.563
-7 -25 -0.163 -0.613
-6 -26 -0.138 -0.638
2 -23 0.063 -0.563
18 19 0.463 0.488
19 17 0.488 0.438
20 14 0.513 0.363
21 12 0.538 0.313
22 10 0.563 0.263
23 7 0.588 0.188
24 5 0.613 0.138
25 2 0.638 0.063
26 0 0.663 0.013
27 -2 0.688 -0.038
27 -3 0.688 -0.063
44 3 1.113 0.088
