-25 3 -0.613 0.088
-25 4 -0.613 0.113
-24 3 -0.588 0.088
-24 4 -0.588 0.113
-24 2 -0.588 0.063
-24 1 -0.588 0.038
-23 0 -0.563 0.013
-23 1 -0.563 0.038
-23 2 -0.563 0.063
-23 3 -0.563 0.088
-23 4 -0.563 0.113
-23 5 -0.563 0.138
-23 -1 -0.563 -0.013
-22 -2 -0.538 -0.038
-22 -1 -0.538 -0.013
-22 0 -0.538 0.013
-22 1 -0.538 0.038
-22 2 -0.538 0.063
-22 3 -0.538 0.088
-22 4 -0.538 0.113
-22 5 -0.538 0.138
-22 -3 -0.538 -0.063
-22 -4 -0.538 -0.088
-21 -5 -0.513 -0.113
-21 -4 -0.513 -0.088
-21 -3 -0.513 -0.063
-21 -2 -0.513 -0.038
-21 -1 -0.513 -0.013
-21 0 -0.513 0.013
-21 1 -0.513 0.038
-21 2 -0.513 0.063
-21 3 -0.513 0.088
-21 4 -0.513 0.113
-21 5 -0.513 0.138
-21 6 -0.513 0.163
-21 -6 -0.513 -0.138
-20 -7 -0.488 -0.163
-20 -6 -0.488 -0.138
-20 -5 -0.488 -0.113
-20 -4 -0.488 -0.088
-20 -3 -0.488 -0.063
-20 -2 -0.488 -0.038
-20 -1 -0.488 -0.013
-20 0 -0.488 0.013
-20 1 -0.488 0.038
-20 2 -0.488 0.063
-20 3 -0.488 0.088
-20 4 -0.488 0.113
-20 5 -0.488 0.138
-20 6 -0.488 0.163
-20 -8 -0.488 -0.188
-20 -9 -0.488 -0.213
-19 -9 -0.463 -0.213
-19 -8 -0.463 -0.188
-19 -7 -0.463 -0.163
-19 -6 -0.463 -0.138
-19 -5 -0.463 -0.113
-19 -4 -0.463 -0.088
-19 -3 -0.463 -0.063
-19 -2 -0.463 -0.038
-19 -1 -0.463 -0.013
-19 0 -0.463 0.013
-19 1 -0.463 0.038
-19 2 -0.463 0.063
-19 3 -0.463 0.088
-19 4 -0.463 0.113
-19 5 -0.463 0.138
-19 6 -0.463 0.163
-19 -10 -0.463 -0.238
-19 -11 -0.463 -0.263
-19 7 -0.463 0.188
-18 -12 -0.438 -0.288
-18 -11 -0.438 -0.263
-18 -10 -0.438 -0.238
-18 -9 -0.438 -0.213
-18 -8 -0.438 -0.188
-18 -7 -0.438 -0.163
-18 -6 -0.438 -0.138
-18 -5 -0.438 -0.113
-18 -4 -0.438 -0.088
-18 -3 -0.438 -0.063
-18 -2 -0.438 -0.038
-18 -1 -0.438 -0.013
-18 0 -0.438 0.013
-18 1 -0.438 0.038
-18 2 -0.438 0.063
-18 3 -0.438 0.088
-18 4 -0.438 0.113
-18 5 -0.438 0.138
-18 6 -0.438 0.163
-18 7 -0.438 0.188
-18 -13 -0.438 -0.313
-17 -14 -0.413 -0.338
-17 -13 -0.413 -0.313
-17 -12 -0.413 -0.288
-17 -11 -0.413 -0.263
-17 -10 -0.413 -0.238
-17 -9 -0.413 -0.213
-17 -8 -0.413 -0.188
-17 -7 -0.413 -0.163
-17 -6 -0.413 -0.138
-17 -5 -0.413 -0.113
-17 -4 -0.413 -0.088
-17 -3 -0.413 -0.063
-17 -2 -0.413 -0.038
-17 -1 -0.413 -0.013
-17 0 -0.413 0.013
-17 1 -0.413 0.038
-17 2 -0.413 0.063
-17 3 -0.413 0.088
-17 4 -0.413 0.113
-17 5 -0.413 0.138
-17 6 -0.413 0.163
-17 7 -0.413 0.188
-17 -15 -0.413 -0.363
-17 -16 -0.413 -0.388
-16 -17 -0.388 -0.413
-16 -16 -0.388 -0.388
-16 -15 -0.388 -0.363
-16 -14 -0.388 -0.338
-16 -13 -0.388 -0.313
-16 -12 -0.388 -0.288
-16 -11 -0.388 -0.263
-16 -10 -0.388 -0.238
-16 -9 -0.388 -0.213
-16 -8 -0.388 -0.188
-16 -7 -0.388 -0.163
-16 -6 -0.388 -0.138
-16 -5 -0.388 -0.113
-16 -4 -0.388 -0.088
-16 -3 -0.388 -0.063
-16 -2 -0.388 -0.038
-16 -1 -0.388 -0.013
-16 0 -0.388 0.013
-16 1 -0.388 0.038
-16 2 -0.388 0.063
-16 3 -0.388 0.088
-16 4 -0.388 0.113
-16 5 -0.388 0.138
-16 6 -0.388 0.163
-16 7 -0.388 0.188
-16 8 -0.388 0.213
-16 -18 -0.388 -0.438
-15 -19 -0.363 -0.463
-15 -18 -0.363 -0.438
-15 -17 -0.363 -0.413
-15 -16 -0.363 -0.388
-15 -15 -0.363 -0.363
-15 -14 -0.363 -0.338
-15 -13 -0.363 -0.313
-15 -12 -0.363 -0.288
-15 -11 -0.363 -0.263
-15 -10 -0.363 -0.238
-15 -9 -0.363 -0.213
-15 -8 -0.363 -0.188
-15 -7 -0.363 -0.163
-15 -6 -0.363 -0.138
-15 -5 -0.363 -0.113
-15 -4 -0.363 -0.088
-15 -3 -0.363 -0.063
-15 -2 -0.363 -0.038
-15 -1 -0.363 -0.013
-15 0 -0.363 0.013
-15 1 -0.363 0.038
-15 2 -0.363 0.063
-15 3 -0.363 0.088
-15 4 -0.363 0.113
-15 5 -0.363 0.138
-15 6 -0.363 0.163
-15 7 -0.363 0.188
-15 8 -0.363 0.213
-15 -20 -0.363 -0.488
-14 -20 -0.338 -0.488
-14 -19 -0.338 -0.463
-14 -18 -0.338 -0.438
-14 -17 -0.338 -0.413
-14 -16 -0.338 -0.388
-14 -15 -0.338 -0.363
-14 -14 -0.338 -0.338
-14 -13 -0.338 -0.313
-14 -12 -0.338 -0.288
-14 -11 -0.338 -0.263
-14 -10 -0.338 -0.238
-14 -9 -0.338 -0.213
-14 -8 -0.338 -0.188
-14 -7 -0.338 -0.163
-14 -6 -0.338 -0.138
-14 -5 -0.338 -0.113
-14 -4 -0.338 -0.088
-14 -3 -0.338 -0.063
-14 -2 -0.338 -0.038
-14 -1 -0.338 -0.013
-14 0 -0.338 0.013
-14 1 -0.338 0.038
-14 2 -0.338 0.063
-14 3 -0.338 0.088
-14 4 -0.338 0.113
-14 5 -0.338 0.138
-14 6 -0.338 0.163
-14 7 -0.338 0.188
-14 8 -0.338 0.213
-14 9 -0.338 0.238
-13 -20 -0.313 -0.488
-13 -19 -0.313 -0.463
-13 -18 -0.313 -0.438
-13 -17 -0.313 -0.413
-13 -16 -0.313 -0.388
-13 -15 -0.313 -0.363
-13 -14 -0.313 -0.338
-13 -13 -0.313 -0.313
-13 -12 -0.313 -0.288
-13 -11 -0.313 -0.263
-13 -10 -0.313 -0.238
-13 -9 -0.313 -0.213
-13 -8 -0.313 -0.188
-13 -7 -0.313 -0.163
-13 -6 -0.313 -0.138
-13 -5 -0.313 -0.113
-13 -4 -0.313 -0.088
-13 -3 -0.313 -0.063
-13 -2 -0.313 -0.038
-13 -1 -0.313 -0.013
-13 0 -0.313 0.013
-13 1 -0.313 0.038
-13 2 -0.313 0.063
-13 3 -0.313 0.088
-13 4 -0.313 0.113
-13 5 -0.313 0.138
-13 6 -0.313 0.163
-13 7 -0.313 0.188
-13 8 -0.313 0.213
-13 9 -0.313 0.238
-12 -20 -0.288 -0.488
-12 -19 -0.288 -0.463
-12 -18 -0.288 -0.438
-12 -17 -0.288 -0.413
-12 -16 -0.288 -0.388
-12 -15 -0.288 -0.363
-12 -14 -0.288 -0.338
-12 -13 -0.288 -0.313
-12 -12 -0.288 -0.288
-12 -11 -0.288 -0.263
-12 -10 -0.288 -0.238
-12 -9 -0.288 -0.213
-12 -8 -0.288 -0.188
-12 -7 -0.288 -0.163
-12 -6 -0.288 -0.138
-12 -5 -0.288 -0.113
-12 -4 -0.288 -0.088
-12 -3 -0.288 -0.063
-12 -2 -0.288 -0.038
-12 -1 -0.288 -0.013
-12 0 -0.288 0.013
-12 1 -0.288 0.038
-12 2 -0.288 0.063
-12 3 -0.288 0.088
-12 4 -0.288 0.113
-12 5 -0.288 0.138
-12 6 -0.288 0.163
-12 7 -0.288 0.188
-12 8 -0.288 0.213
-12 9 -0.288 0.238
-11 -20 -0.263 -0.488
-11 -19 -0.263 -0.463
-11 -18 -0.263 -0.438
-11 -17 -0.263 -0.413
-11 -16 -0.263 -0.388
-11 -15 -0.263 -0.363
-11 -14 -0.263 -0.338
-11 -13 -0.263 -0.313
-11 -12 -0.263 -0.288
-11 -11 -0.263 -0.263
-11 -10 -0.263 -0.238
-11 -9 -0.263 -0.213
-11 -8 -0.263 -0.188
-11 -7 -0.263 -0.163
-11 -6 -0.263 -0.138
-11 -5 -0.263 -0.113
-11 -4 -0.263 -0.088
-11 -3 -0.263 -0.063
-11 -2 -0.263 -0.038
-11 -1 -0.263 -0.013
-11 0 -0.263 0.013
-11 1 -0.263 0.038
-11 2 -0.263 0.063
-11 3 -0.263 0.088
-11 4 -0.263 0.113
-11 5 -0.263 0.138
-11 6 -0.263 0.163
-11 7 -0.263 0.188
-11 8 -0.263 0.213
-11 9 -0.263 0.238
-11 10 -0.263 0.263
-10 -20 -0.238 -0.488
-10 -19 -0.238 -0.463
-10 -18 -0.238 -0.438
-10 -17 -0.238 -0.413
-10 -16 -0.238 -0.388
-10 -15 -0.238 -0.363
-10 -14 -0.238 -0.338
-10 -13 -0.238 -0.313
-10 -12 -0.238 -0.288
-10 -11 -0.238 -0.263
-10 -10 -0.238 -0.238
-10 -9 -0.238 -0.213
-10 -8 -0.238 -0.188
-10 -7 -0.238 -0.163
-10 -6 -0.238 -0.138
-10 -5 -0.238 -0.113
-10 -4 -0.238 -0.088
-10 -3 -0.238 -0.063
-10 -2 -0.238 -0.038
-10 -1 -0.238 -0.013
-10 0 -0.238 0.013
-10 1 -0.238 0.038
-10 2 -0.238 0.063
-10 3 -0.238 0.088
-10 4 -0.238 0.113
-10 5 -0.238 0.138
-10 6 -0.238 0.163
-10 7 -0.238 0.188
-10 8 -0.238 0.213
-10 9 -0.238 0.238
-10 10 -0.238 0.263
-9 -20 -0.213 -0.488
-9 -19 -0.213 -0.463
-9 -18 -0.213 -0.438
-9 -17 -0.213 -0.413
-9 -16 -0.213 -0.388
-9 -15 -0.213 -0.363
-9 -14 -0.213 -0.338
-9 -13 -0.213 -0.313
-9 -12 -0.213 -0.288
-9 -11 -0.213 -0.263
-9 -10 -0.213 -0.238
-9 -9 -0.213 -0.213
-9 -8 -0.213 -0.188
-9 -7 -0.213 -0.163
-9 -6 -0.213 -0.138
-9 -5 -0.213 -0.113
-9 -4 -0.213 -0.088
-9 -3 -0.213 -0.063
-9 -2 -0.213 -0.038
-9 -1 -0.213 -0.013
-9 0 -0.213 0.013
-9 1 -0.213 0.038
-9 2 -0.213 0.063
-9 3 -0.213 0.088
-9 4 -0.213 0.113
-9 5 -0.213 0.138
-9 6 -0.213 0.163
-9 7 -0.213 0.188
-9 8 -0.213 0.213
-9 9 -0.213 0.238
-9 10 -0.213 0.263
-9 11 -0.213 0.288
-8 -20 -0.188 -0.488
-8 -19 -0.188 -0.463
-8 -18 -0.188 -0.438
-8 -17 -0.188 -0.413
-8 -16 -0.188 -0.388
-8 -15 -0.188 -0.363
-8 -14 -0.188 -0.338
-8 -13 -0.188 -0.313
-8 -12 -0.188 -0.288
-8 -11 -0.188 -0.263
-8 -10 -0.188 -0.238
-8 -9 -0.188 -0.213
-8 -8 -0.188 -0.188
-8 -7 -0.188 -0.163
-8 -6 -0.188 -0.138
-8 -5 -0.188 -0.113
-8 -4 -0.188 -0.088
-8 -3 -0.188 -0.063
-8 -2 -0.188 -0.038
-8 -1 -0.188 -0.013
-8 0 -0.188 0.013
-8 1 -0.188 0.038
-8 2 -0.188 0.063
-8 3 -0.188 0.088
-8 4 -0.188 0.113
-8 5 -0.188 0.138
-8 6 -0.188 0.163
-8 7 -0.188 0.188
-8 8 -0.188 0.213
-8 9 -0.188 0.238
-8 10 -0.188 0.263
-8 11 -0.188 0.288
-7 -19 -0.163 -0.463
-7 -18 -0.163 -0.438
-7 -17 -0.163 -0.413
-7 -16 -0.163 -0.388
-7 -15 -0.163 -0.363
-7 -14 -0.163 -0.338
-7 -13 -0.163 -0.313
-7 -12 -0.163 -0.288
-7 -11 -0.163 -0.263
-7 -10 -0.163 -0.238
-7 -9 -0.163 -0.213
-7 -8 -0.163 -0.188
-7 -7 -0.163 -0.163
-7 -6 -0.163 -0.138
-7 -5 -0.163 -0.113
-7 -4 -0.163 -0.088
-7 -3 -0.163 -0.063
-7 -2 -0.163 -0.038
-7 -1 -0.163 -0.013
-7 0 -0.163 0.013
-7 1 -0.163 0.038
-7 2 -0.163 0.063
-7 3 -0.163 0.088
-7 4 -0.163 0.113
-7 5 -0.163 0.138
-7 6 -0.163 0.163
-7 7 -0.163 0.188
-7 8 -0.163 0.213
-7 9 -0.163 0.238
-7 10 -0.163 0.263
-7 11 -0.163 0.288
-7 12 -0.163 0.313
-6 -19 -0.138 -0.463
-6 -18 -0.138 -0.438
-6 -17 -0.138 -0.413
-6 -16 -0.138 -0.388
-6 -15 -0.138 -0.363
-6 -14 -0.138 -0.338
-6 -13 -0.138 -0.313
-6 -12 -0.138 -0.288
-6 -11 -0.138 -0.263
-6 -10 -0.138 -0.238
-6 -9 -0.138 -0.213
-6 -8 -0.138 -0.188
-6 -7 -0.138 -0.163
-6 -6 -0.138 -0.138
-6 -5 -0.138 -0.113
-6 -4 -0.138 -0.088
-6 -3 -0.138 -0.063
-6 -2 -0.138 -0.038
-6 -1 -0.138 -0.013
-6 0 -0.138 0.013
-6 1 -0.138 0.038
-6 2 -0.138 0.063
-6 3 -0.138 0.088
-6 4 -0.138 0.113
-6 5 -0.138 0.138
-6 6 -0.138 0.163
-6 7 -0.138 0.188
-6 8 -0.138 0.213
-6 9 -0.138 0.238
-6 10 -0.138 0.263
-6 11 -0.138 0.288
-6 12 -0.138 0.313
-5 -19 -0.113 -0.463
-5 -18 -0.113 -0.438
-5 -17 -0.113 -0.413
-5 -16 -0.113 -0.388
-5 -15 -0.113 -0.363
-5 -14 -0.113 -0.338
-5 -13 -0.113 -0.313
-5 -12 -0.113 -0.288
-5 -11 -0.113 -0.263
-5 -10 -0.113 -0.238
-5 -9 -0.113 -0.213
-5 -8 -0.113 -0.188
-5 -7 -0.113 -0.163
-5 -6 -0.113 -0.138
-5 -5 -0.113 -0.113
-5 -4 -0.113 -0.088
-5 -3 -0.113 -0.063
-5 -2 -0.113 -0.038
-5 -1 -0.113 -0.013
-5 0 -0.113 0.013
-5 1 -0.113 0.038
-5 2 -0.113 0.063
-5 3 -0.113 0.088
-5 4 -0.113 0.113
-5 5 -0.113 0.138
-5 6 -0.113 0.163
-5 7 -0.113 0.188
-5 8 -0.113 0.213
-5 9 -0.113 0.238
-5 10 -0.113 0.263
-5 11 -0.113 0.288
-5 12 -0.113 0.313
-4 -19 -0.088 -0.463
-4 -18 -0.088 -0.438
-4 -17 -0.088 -0.413
-4 -16 -0.088 -0.388
-4 -15 -0.088 -0.363
-4 -14 -0.088 -0.338
-4 -13 -0.088 -0.313
-4 -12 -0.088 -0.288
-4 -11 -0.088 -0.263
-4 -10 -0.088 -0.238
-4 -9 -0.088 -0.213
-4 -8 -0.088 -0.188
-4 -7 -0.088 -0.163
-4 -6 -0.088 -0.138
-4 -5 -0.088 -0.113
-4 -4 -0.088 -0.088
-4 -3 -0.088 -0.063
-4 -2 -0.088 -0.038
-4 -1 -0.088 -0.013
-4 0 -0.088 0.013
-4 1 -0.088 0.038
-4 2 -0.088 0.063
-4 3 -0.088 0.088
-4 4 -0.088 0.113
-4 5 -0.088 0.138
-4 6 -0.088 0.163
-4 7 -0.088 0.188
-4 8 -0.088 0.213
-4 9 -0.088 0.238
-4 10 -0.088 0.263
-4 11 -0.088 0.288
-4 12 -0.088 0.313
-4 13 -0.088 0.338
-3 -19 -0.063 -0.463
-3 -18 -0.063 -0.438
-3 -17 -0.063 -0.413
-3 -16 -0.063 -0.388
-3 -15 -0.063 -0.363
-3 -14 -0.063 -0.338
-3 -13 -0.063 -0.313
-3 -12 -0.063 -0.288
-3 -11 -0.063 -0.263
-3 -10 -0.063 -0.238
-3 -9 -0.063 -0.213
-3 -8 -0.063 -0.188
-3 -7 -0.063 -0.163
-3 -6 -0.063 -0.138
-3 -5 -0.063 -0.113
-3 -4 -0.063 -0.088
-3 -3 -0.063 -0.063
-3 -2 -0.063 -0.038
-3 -1 -0.063 -0.013
-3 0 -0.063 0.013
-3 1 -0.063 0.038
-3 2 -0.063 0.063
-3 3 -0.063 0.088
-3 4 -0.063 0.113
-3 5 -0.063 0.138
-3 6 -0.063 0.163
-3 7 -0.063 0.188
-3 8 -0.063 0.213
-3 9 -0.063 0.238
-3 10 -0.063 0.263
-3 11 -0.063 0.288
-3 12 -0.063 0.313
-3 13 -0.063 0.338
-2 -19 -0.038 -0.463
-2 -18 -0.038 -0.438
-2 -17 -0.038 -0.413
-2 -16 -0.038 -0.388
-2 -15 -0.038 -0.363
-2 -14 -0.038 -0.338
-2 -13 -0.038 -0.313
-2 -12 -0.038 -0.288
-2 -11 -0.038 -0.263
-2 -10 -0.038 -0.238
-2 -9 -0.038 -0.213
-2 -8 -0.038 -0.188
-2 -7 -0.038 -0.163
-2 -6 -0.038 -0.138
-2 -5 -0.038 -0.113
-2 -4 -0.038 -0.088
-2 -3 -0.038 -0.063
-2 -2 -0.038 -0.038
-2 -1 -0.038 -0.013
-2 0 -0.038 0.013
-2 1 -0.038 0.038
-2 2 -0.038 0.063
-2 3 -0.038 0.088
-2 4 -0.038 0.113
-2 5 -0.038 0.138
-2 6 -0.038 0.163
-2 7 -0.038 0.188
-2 8 -0.038 0.213
-2 9 -0.038 0.238
-2 10 -0.038 0.263
-2 11 -0.038 0.288
-2 12 -0.038 0.313
-2 13 -0.038 0.338
-2 14 -0.038 0.363
-1 -18 -0.013 -0.438
-1 -17 -0.013 -0.413
-1 -16 -0.013 -0.388
-1 -15 -0.013 -0.363
-1 -14 -0.013 -0.338
-1 -13 -0.013 -0.313
-1 -12 -0.013 -0.288
-1 -11 -0.013 -0.263
-1 -10 -0.013 -0.238
-1 -9 -0.013 -0.213
-1 -8 -0.013 -0.188
-1 -7 -0.013 -0.163
-1 -6 -0.013 -0.138
-1 -5 -0.013 -0.113
-1 -4 -0.013 -0.088
-1 -3 -0.013 -0.063
-1 -2 -0.013 -0.038
-1 -1 -0.013 -0.013
-1 0 -0.013 0.013
-1 1 -0.013 0.038
-1 2 -0.013 0.063
-1 3 -0.013 0.088
-1 4 -0.013 0.113
-1 5 -0.013 0.138
-1 6 -0.013 0.163
-1 7 -0.013 0.188
-1 8 -0.013 0.213
-1 9 -0.013 0.238
-1 10 -0.013 0.263
-1 11 -0.013 0.288
-1 12 -0.013 0.313
-1 13 -0.013 0.338
-1 14 -0.013 0.363
0 -18 0.013 -0.438
0 -17 0.013 -0.413
0 -16 0.013 -0.388
0 -15 0.013 -0.363
0 -14 0.013 -0.338
0 -13 0.013 -0.313
0 -12 0.013 -0.288
0 -11 0.013 -0.263
0 -10 0.013 -0.238
0 -9 0.013 -0.213
0 -8 0.013 -0.188
0 -7 0.013 -0.163
0 -6 0.013 -0.138
0 -5 0.013 -0.113
0 -4 0.013 -0.088
0 -3 0.013 -0.063
0 -2 0.013 -0.038
0 -1 0.013 -0.013
0 0 0.013 0.013
0 1 0.013 0.038
0 2 0.013 0.063
0 3 0.013 0.088
0 4 0.013 0.113
0 5 0.013 0.138
0 6 0.013 0.163
0 7 0.013 0.188
0 8 0.013 0.213
0 9 0.013 0.238
0 10 0.013 0.263
0 11 0.013 0.288
0 12 0.013 0.313
0 13 0.013 0.338
0 14 0.013 0.363
1 -18 0.038 -0.438
1 -17 0.038 -0.413
1 -16 0.038 -0.388
1 -15 0.038 -0.363
1 -14 0.038 -0.338
1 -13 0.038 -0.313
1 -12 0.038 -0.288
1 -11 0.038 -0.263
1 -10 0.038 -0.238
1 -9 0.038 -0.213
1 -8 0.038 -0.188
1 -7 0.038 -0.163
1 -6 0.038 -0.138
1 -5 0.038 -0.113
1 -4 0.038 -0.088
1 -3 0.038 -0.063
1 -2 0.038 -0.038
1 -1 0.038 -0.013
1 0 0.038 0.013
1 1 0.038 0.038
1 2 0.038 0.063
1 3 0.038 0.088
1 4 0.038 0.113
1 5 0.038 0.138
1 6 0.038 0.163
1 7 0.038 0.188
1 8 0.038 0.213
1 9 0.038 0.238
1 10 0.038 0.263
1 11 0.038 0.288
1 12 0.038 0.313
1 13 0.038 0.338
1 14 0.038 0.363
1 15 0.038 0.388
2 -18 0.063 -0.438
2 -17 0.063 -0.413
2 -16 0.063 -0.388
2 -15 0.063 -0.363
2 -14 0.063 -0.338
2 -13 0.063 -0.313
2 -12 0.063 -0.288
2 -11 0.063 -0.263
2 -10 0.063 -0.238
2 -9 0.063 -0.213
2 -8 0.063 -0.188
2 -7 0.063 -0.163
2 -6 0.063 -0.138
2 -5 0.063 -0.113
2 -4 0.063 -0.088
2 -3 0.063 -0.063
2 -2 0.063 -0.038
2 -1 0.063 -0.013
2 0 0.063 0.013
2 1 0.063 0.038
2 2 0.063 0.063
2 3 0.063 0.088
2 4 0.063 0.113
2 5 0.063 0.138
2 6 0.063 0.163
2 7 0.063 0.188
2 8 0.063 0.213
2 9 0.063 0.238
2 10 0.063 0.263
2 11 0.063 0.288
2 12 0.063 0.313
2 13 0.063 0.338
2 14 0.063 0.363
2 15 0.063 0.388
3 -18 0.088 -0.438
3 -17 0.088 -0.413
3 -16 0.088 -0.388
3 -15 0.088 -0.363
3 -14 0.088 -0.338
3 -13 0.088 -0.313
3 -12 0.088 -0.288
3 -11 0.088 -0.263
3 -10 0.088 -0.238
3 -9 0.088 -0.213
3 -8 0.088 -0.188
3 -7 0.088 -0.163
3 -6 0.088 -0.138
3 -5 0.088 -0.113
3 -4 0.088 -0.088
3 -3 0.088 -0.063
3 -2 0.088 -0.038
3 -1 0.088 -0.013
3 0 0.088 0.013
3 1 0.088 0.038
3 2 0.088 0.063
3 3 0.088 0.088
3 4 0.088 0.113
3 5 0.088 0.138
3 6 0.088 0.163
3 7 0.088 0.188
3 8 0.088 0.213
3 9 0.088 0.238
3 10 0.088 0.263
3 11 0.088 0.288
3 12 0.088 0.313
3 13 0.088 0.338
3 14 0.088 0.363
3 15 0.088 0.388
3 16 0.088 0.413
4 -18 0.113 -0.438
4 -17 0.113 -0.413
4 -16 0.113 -0.388
4 -15 0.113 -0.363
4 -14 0.113 -0.338
4 -13 0.113 -0.313
4 -12 0.113 -0.288
4 -11 0.113 -0.263
4 -10 0.113 -0.238
4 -9 0.113 -0.213
4 -8 0.113 -0.188
4 -7 0.113 -0.163
4 -6 0.113 -0.138
4 -5 0.113 -0.113
4 -4 0.113 -0.088
4 -3 0.113 -0.063
4 -2 0.113 -0.038
4 -1 0.113 -0.013
4 0 0.113 0.013
4 1 0.113 0.038
4 2 0.113 0.063
4 3 0.113 0.088
4 4 0.113 0.113
4 5 0.113 0.138
4 6 0.113 0.163
4 7 0.113 0.188
4 8 0.113 0.213
4 9 0.113 0.238
4 10 0.113 0.263
4 11 0.113 0.288
4 12 0.113 0.313
4 13 0.113 0.338
4 14 0.113 0.363
4 15 0.113 0.388
4 16 0.113 0.413
5 -18 0.138 -0.438
5 -17 0.138 -0.413
5 -16 0.138 -0.388
5 -15 0.138 -0.363
5 -14 0.138 -0.338
5 -13 0.138 -0.313
5 -12 0.138 -0.288
5 -11 0.138 -0.263
5 -10 0.138 -0.238
5 -9 0.138 -0.213
5 -8 0.138 -0.188
5 -7 0.138 -0.163
5 -6 0.138 -0.138
5 -5 0.138 -0.113
5 -4 0.138 -0.088
5 -3 0.138 -0.063
5 -2 0.138 -0.038
5 -1 0.138 -0.013
5 0 0.138 0.013
5 1 0.138 0.038
5 2 0.138 0.063
5 3 0.138 0.088
5 4 0.138 0.113
5 5 0.138 0.138
5 6 0.138 0.163
5 7 0.138 0.188
5 8 0.138 0.213
5 9 0.138 0.238
5 10 0.138 0.263
5 11 0.138 0.288
5 12 0.138 0.313
5 13 0.138 0.338
5 14 0.138 0.363
5 15 0.138 0.388
5 16 0.138 0.413
6 -17 0.163 -0.413
6 -16 0.163 -0.388
6 -15 0.163 -0.363
6 -14 0.163 -0.338
6 -13 0.163 -0.313
6 -12 0.163 -0.288
6 -11 0.163 -0.263
6 -10 0.163 -0.238
6 -9 0.163 -0.213
6 -8 0.163 -0.188
6 -7 0.163 -0.163
6 -6 0.163 -0.138
6 -5 0.163 -0.113
6 -4 0.163 -0.088
6 -3 0.163 -0.063
6 -2 0.163 -0.038
6 -1 0.163 -0.013
6 0 0.163 0.013
6 1 0.163 0.038
6 2 0.163 0.063
6 3 0.163 0.088
6 4 0.163 0.113
6 5 0.163 0.138
6 6 0.163 0.163
6 7 0.163 0.188
6 8 0.163 0.213
6 9 0.163 0.238
6 10 0.163 0.263
6 11 0.163 0.288
6 12 0.163 0.313
6 13 0.163 0.338
6 14 0.163 0.363
6 15 0.163 0.388
6 16 0.163 0.413
6 17 0.163 0.438
7 -17 0.188 -0.413
7 -16 0.188 -0.388
7 -15 0.188 -0.363
7 -14 0.188 -0.338
7 -13 0.188 -0.313
7 -12 0.188 -0.288
7 -11 0.188 -0.263
7 -10 0.188 -0.238
7 -9 0.188 -0.213
7 -8 0.188 -0.188
7 -7 0.188 -0.163
7 -6 0.188 -0.138
7 -5 0.188 -0.113
7 -4 0.188 -0.088
7 -3 0.188 -0.063
7 -2 0.188 -0.038
7 -1 0.188 -0.013
7 0 0.188 0.013
7 1 0.188 0.038
7 2 0.188 0.063
7 3 0.188 0.088
7 4 0.188 0.113
7 5 0.188 0.138
7 6 0.188 0.163
7 7 0.188 0.188
7 8 0.188 0.213
7 9 0.188 0.238
7 10 0.188 0.263
7 11 0.188 0.288
7 12 0.188 0.313
7 13 0.188 0.338
7 14 0.188 0.363
7 15 0.188 0.388
7 16 0.188 0.413
7 17 0.188 0.438
8 -17 0.213 -0.413
8 -16 0.213 -0.388
8 -15 0.213 -0.363
8 -14 0.213 -0.338
8 -13 0.213 -0.313
8 -12 0.213 -0.288
8 -11 0.213 -0.263
8 -10 0.213 -0.238
8 -9 0.213 -0.213
8 -8 0.213 -0.188
8 -7 0.213 -0.163
8 -6 0.213 -0.138
8 -5 0.213 -0.113
8 -4 0.213 -0.088
8 -3 0.213 -0.063
8 -2 0.213 -0.038
8 -1 0.213 -0.013
8 0 0.213 0.013
8 1 0.213 0.038
8 2 0.213 0.063
8 3 0.213 0.088
8 4 0.213 0.113
8 5 0.213 0.138
8 6 0.213 0.163
8 7 0.213 0.188
8 8 0.213 0.213
8 9 0.213 0.238
8 10 0.213 0.263
8 11 0.213 0.288
8 12 0.213 0.313
8 13 0.213 0.338
8 14 0.213 0.363
8 15 0.213 0.388
8 16 0.213 0.413
8 17 0.213 0.438
8 18 0.213 0.463
9 -16 0.238 -0.388
9 -15 0.238 -0.363
9 -14 0.238 -0.338
9 -13 0.238 -0.313
9 -12 0.238 -0.288
9 -11 0.238 -0.263
9 -10 0.238 -0.238
9 -9 0.238 -0.213
9 -8 0.238 -0.188
9 -7 0.238 -0.163
9 -6 0.238 -0.138
9 -5 0.238 -0.113
9 -4 0.238 -0.088
9 -3 0.238 -0.063
9 -2 0.238 -0.038
9 -1 0.238 -0.013
9 0 0.238 0.013
9 1 0.238 0.038
9 2 0.238 0.063
9 3 0.238 0.088
9 4 0.238 0.113
9 5 0.238 0.138
9 6 0.238 0.163
9 7 0.238 0.188
9 8 0.238 0.213
9 9 0.238 0.238
9 10 0.238 0.263
9 11 0.238 0.288
9 12 0.238 0.313
9 13 0.238 0.338
9 14 0.238 0.363
9 15 0.238 0.388
9 16 0.238 0.413
9 17 0.238 0.438
9 18 0.238 0.463
10 -15 0.263 -0.363
10 -14 0.263 -0.338
10 -13 0.263 -0.313
10 -12 0.263 -0.288
10 -11 0.263 -0.263
10 -10 0.263 -0.238
10 -9 0.263 -0.213
10 -8 0.263 -0.188
10 -7 0.263 -0.163
10 -6 0.263 -0.138
10 -5 0.263 -0.113
10 -4 0.263 -0.088
10 -3 0.263 -0.063
10 -2 0.263 -0.038
10 -1 0.263 -0.013
10 0 0.263 0.013
10 1 0.263 0.038
10 2 0.263 0.063
10 3 0.263 0.088
10 4 0.263 0.113
10 5 0.263 0.138
10 6 0.263 0.163
10 7 0.263 0.188
10 8 0.263 0.213
10 9 0.263 0.238
10 10 0.263 0.263
10 11 0.263 0.288
10 12 0.263 0.313
10 13 0.263 0.338
10 14 0.263 0.363
10 15 0.263 0.388
10 16 0.263 0.413
10 17 0.263 0.438
10 18 0.263 0.463
10 19 0.263 0.488
11 -15 0.288 -0.363
11 -14 0.288 -0.338
11 -13 0.288 -0.313
11 -12 0.288 -0.288
11 -11 0.288 -0.263
11 -10 0.288 -0.238
11 -9 0.288 -0.213
11 -8 0.288 -0.188
11 -7 0.288 -0.163
11 -6 0.288 -0.138
11 -5 0.288 -0.113
11 -4 0.288 -0.088
11 -3 0.288 -0.063
11 -2 0.288 -0.038
11 -1 0.288 -0.013
11 0 0.288 0.013
11 1 0.288 0.038
11 2 0.288 0.063
11 3 0.288 0.088
11 4 0.288 0.113
11 5 0.288 0.138
11 6 0.288 0.163
11 7 0.288 0.188
11 8 0.288 0.213
11 9 0.288 0.238
11 10 0.288 0.263
11 11 0.288 0.288
11 12 0.288 0.313
11 13 0.288 0.338
11 14 0.288 0.363
11 15 0.288 0.388
11 16 0.288 0.413
11 17 0.288 0.438
11 18 0.288 0.463
11 19 0.288 0.488
12 -14 0.313 -0.338
12 -13 0.313 -0.313
12 -12 0.313 -0.288
12 -11 0.313 -0.263
12 -10 0.313 -0.238
12 -9 0.313 -0.213
12 -8 0.313 -0.188
12 -7 0.313 -0.163
12 -6 0.313 -0.138
12 -5 0.313 -0.113
12 -4 0.313 -0.088
12 -3 0.313 -0.063
12 -2 0.313 -0.038
12 -1 0.313 -0.013
12 0 0.313 0.013
12 1 0.313 0.038
12 2 0.313 0.063
12 3 0.313 0.088
12 4 0.313 0.113
12 5 0.313 0.138
12 6 0.313 0.163
12 7 0.313 0.188
12 8 0.313 0.213
12 9 0.313 0.238
12 10 0.313 0.263
12 11 0.313 0.288
12 12 0.313 0.313
12 13 0.313 0.338
12 14 0.313 0.363
12 15 0.313 0.388
12 16 0.313 0.413
12 17 0.313 0.438
12 18 0.313 0.463
12 19 0.313 0.488
13 -13 0.338 -0.313
13 -12 0.338 -0.288
13 -11 0.338 -0.263
13 -10 0.338 -0.238
13 -9 0.338 -0.213
13 -8 0.338 -0.188
13 -7 0.338 -0.163
13 -6 0.338 -0.138
13 -5 0.338 -0.113
13 -4 0.338 -0.088
13 -3 0.338 -0.063
13 -2 0.338 -0.038
13 -1 0.338 -0.013
13 0 0.338 0.013
13 1 0.338 0.038
13 2 0.338 0.063
13 3 0.338 0.088
13 4 0.338 0.113
13 5 0.338 0.138
13 6 0.338 0.163
13 7 0.338 0.188
13 8 0.338 0.213
13 9 0.338 0.238
13 10 0.338 0.263
13 11 0.338 0.288
13 12 0.338 0.313
13 13 0.338 0.338
13 14 0.338 0.363
13 15 0.338 0.388
13 16 0.338 0.413
13 17 0.338 0.438
13 18 0.338 0.463
13 19 0.338 0.488
13 20 0.338 0.513
14 -12 0.363 -0.288
14 -11 0.363 -0.263
14 -10 0.363 -0.238
14 -9 0.363 -0.213
14 -8 0.363 -0.188
14 -7 0.363 -0.163
14 -6 0.363 -0.138
14 -5 0.363 -0.113
14 -4 0.363 -0.088
14 -3 0.363 -0.063
14 -2 0.363 -0.038
14 -1 0.363 -0.013
14 0 0.363 0.013
14 1 0.363 0.038
14 2 0.363 0.063
14 3 0.363 0.088
14 4 0.363 0.113
14 5 0.363 0.138
14 6 0.363 0.163
14 7 0.363 0.188
14 8 0.363 0.213
14 9 0.363 0.238
14 10 0.363 0.263
14 11 0.363 0.288
14 12 0.363 0.313
14 13 0.363 0.338
14 14 0.363 0.363
14 15 0.363 0.388
14 16 0.363 0.413
14 17 0.363 0.438
14 18 0.363 0.463
14 19 0.363 0.488
14 20 0.363 0.513
15 -12 0.388 -0.288
15 -11 0.388 -0.263
15 -10 0.388 -0.238
15 -9 0.388 -0.213
15 -8 0.388 -0.188
15 -7 0.388 -0.163
15 -6 0.388 -0.138
15 -5 0.388 -0.113
15 -4 0.388 -0.088
15 -3 0.388 -0.063
15 -2 0.388 -0.038
15 -1 0.388 -0.013
15 0 0.388 0.013
15 1 0.388 0.038
15 2 0.388 0.063
15 3 0.388 0.088
15 4 0.388 0.113
15 5 0.388 0.138
15 6 0.388 0.163
15 7 0.388 0.188
15 8 0.388 0.213
15 9 0.388 0.238
15 10 0.388 0.263
15 11 0.388 0.288
15 12 0.388 0.313
15 13 0.388 0.338
15 14 0.388 0.363
15 15 0.388 0.388
15 16 0.388 0.413
15 17 0.388 0.438
15 18 0.388 0.463
15 19 0.388 0.488
15 20 0.388 0.513
16 -11 0.413 -0.263
16 -10 0.413 -0.238
16 -9 0.413 -0.213
16 -8 0.413 -0.188
16 -7 0.413 -0.163
16 -6 0.413 -0.138
16 -5 0.413 -0.113
16 -4 0.413 -0.088
16 -3 0.413 -0.063
16 -2 0.413 -0.038
16 -1 0.413 -0.013
16 0 0.413 0.013
16 1 0.413 0.038
16 2 0.413 0.063
16 3 0.413 0.088
16 4 0.413 0.113
16 5 0.413 0.138
16 6 0.413 0.163
16 7 0.413 0.188
16 8 0.413 0.213
16 9 0.413 0.238
16 10 0.413 0.263
16 11 0.413 0.288
16 12 0.413 0.313
16 13 0.413 0.338
16 14 0.413 0.363
16 15 0.413 0.388
16 16 0.413 0.413
16 17 0.413 0.438
16 18 0.413 0.463
17 -10 0.438 -0.238
17 -9 0.438 -0.213
17 -8 0.438 -0.188
17 -7 0.438 -0.163
17 -6 0.438 -0.138
17 -5 0.438 -0.113
17 -4 0.438 -0.088
17 -3 0.438 -0.063
17 -2 0.438 -0.038
17 -1 0.438 -0.013
17 0 0.438 0.013
17 1 0.438 0.038
17 2 0.438 0.063
17 3 0.438 0.088
17 4 0.438 0.113
17 5 0.438 0.138
17 6 0.438 0.163
17 7 0.438 0.188
17 8 0.438 0.213
17 9 0.438 0.238
17 10 0.438 0.263
17 11 0.438 0.288
17 12 0.438 0.313
17 13 0.438 0.338
17 14 0.438 0.363
17 15 0.438 0.388
18 -9 0.463 -0.213
18 -8 0.463 -0.188
18 -7 0.463 -0.163
18 -6 0.463 -0.138
18 -5 0.463 -0.113
18 -4 0.463 -0.088
18 -3 0.463 -0.063
18 -2 0.463 -0.038
18 -1 0.463 -0.013
18 0 0.463 0.013
18 1 0.463 0.038
18 2 0.463 0.063
18 3 0.463 0.088
18 4 0.463 0.113
18 5 0.463 0.138
18 6 0.463 0.163
18 7 0.463 0.188
18 8 0.463 0.213
18 9 0.463 0.238
18 10 0.463 0.263
18 11 0.463 0.288
18 12 0.463 0.313
18 13 0.463 0.338
19 -9 0.488 -0.213
19 -8 0.488 -0.188
19 -7 0.488 -0.163
19 -6 0.488 -0.138
19 -5 0.488 -0.113
19 -4 0.488 -0.088
19 -3 0.488 -0.063
19 -2 0.488 -0.038
19 -1 0.488 -0.013
19 0 0.488 0.013
19 1 0.488 0.038
19 2 0.488 0.063
19 3 0.488 0.088
19 4 0.488 0.113
19 5 0.488 0.138
19 6 0.488 0.163
19 7 0.488 0.188
19 8 0.488 0.213
19 9 0.488 0.238
19 10 0.488 0.263
20 -8 0.513 -0.188
20 -7 0.513 -0.163
20 -6 0.513 -0.138
20 -5 0.513 -0.113
20 -4 0.513 -0.088
20 -3 0.513 -0.063
20 -2 0.513 -0.038
20 -1 0.513 -0.013
20 0 0.513 0.013
20 1 0.513 0.038
20 2 0.513 0.063
20 3 0.513 0.088
20 4 0.513 0.113
20 5 0.513 0.138
20 6 0.513 0.163
20 7 0.513 0.188
20 8 0.513 0.213
21 -7 0.538 -0.163
21 -6 0.538 -0.138
21 -5 0.538 -0.113
21 -4 0.538 -0.088
21 -3 0.538 -0.063
21 -2 0.538 -0.038
21 -1 0.538 -0.013
21 0 0.538 0.013
21 1 0.538 0.038
21 2 0.538 0.063
21 3 0.538 0.088
21 4 0.538 0.113
21 5 0.538 0.138
21 6 0.538 0.163
22 -6 0.563 -0.138
22 -5 0.563 -0.113
22 -4 0.563 -0.088
22 -3 0.563 -0.063
22 -2 0.563 -0.038
22 -1 0.563 -0.013
22 0 0.563 0.013
22 1 0.563 0.038
22 2 0.563 0.063
22 3 0.563 0.088
23 -6 0.588 -0.138
23 -5 0.588 -0.113
23 -4 0.588 -0.088
23 -3 0.588 -0.063
23 -2 0.588 -0.038
23 -1 0.588 -0.013
23 0 0.588 0.013
23 1 0.588 0.038
24 -5 0.613 -0.113
24 -4 0.613 -0.088
24 -3 0.613 -0.063
24 -2 0.613 -0.038
25 -4 0.638 -0.088
-2 -30 -0.038 -0.738
-2 -31 -0.038 -0.763
-2 -29 -0.038 -0.713
-1 -32 -0.013 -0.788
-1 -31 -0.013 -0.763
-1 -30 -0.013 -0.738
-1 -29 -0.013 -0.713
-1 -33 -0.013 -0.813
0 -34 0.013 -0.838
0 -33 0.013 -0.813
0 -32 0.013 -0.788
0 -31 0.013 -0.763
0 -30 0.013 -0.738
0 -29 0.013 -0.713
0 -35 0.013 -0.863
0 -36 0.013 -0.888
1 -37 0.038 -0.913
1 -36 0.038 -0.888
1 -35 0.038 -0.863
1 -34 0.038 -0.838
1 -33 0.038 -0.813
1 -32 0.038 -0.788
1 -31 0.038 -0.763
1 -30 0.038 -0.738
1 -29 0.038 -0.713
1 -28 0.038 -0.688
1 -38 0.038 -0.938
2 -39 0.063 -0.963
2 -38 0.063 -0.938
2 -37 0.063 -0.913
2 -36 0.063 -0.888
2 -35 0.063 -0.863
2 -34 0.063 -0.838
2 -33 0.063 -0.813
2 -32 0.063 -0.788
2 -31 0.063 -0.763
2 -30 0.063 -0.738
2 -29 0.063 -0.713
2 -28 0.063 -0.688
2 -40 0.063 -0.988
2 -41 0.063 -1.013
3 -41 0.088 -1.013
3 -40 0.088 -0.988
3 -39 0.088 -0.963
3 -38 0.088 -0.938
3 -37 0.088 -0.913
3 -36 0.088 -0.888
3 -35 0.088 -0.863
3 -34 0.088 -0.838
3 -33 0.088 -0.813
3 -32 0.088 -0.788
3 -31 0.088 -0.763
3 -30 0.088 -0.738
3 -29 0.088 -0.713
3 -28 0.088 -0.688
3 -42 0.088 -1.038
3 -43 0.088 -1.063
3 -27 0.088 -0.663
4 -44 0.113 -1.088
4 -43 0.113 -1.063
4 -42 0.113 -1.038
4 -41 0.113 -1.013
4 -40 0.113 -0.988
4 -39 0.113 -0.963
4 -38 0.113 -0.938
4 -37 0.113 -0.913
4 -36 0.113 -0.888
4 -35 0.113 -0.863
4 -34 0.113 -0.838
4 -33 0.113 -0.813
4 -32 0.113 -0.788
4 -31 0.113 -0.763
4 -30 0.113 -0.738
4 -29 0.113 -0.713
4 -28 0.113 -0.688
4 -27 0.113 -0.663
4 -45 0.113 -1.113
4 -46 0.113 -1.138
5 -46 0.138 -1.138
5 -45 0.138 -1.113
5 -44 0.138 -1.088
5 -43 0.138 -1.063
5 -42 0.138 -1.038
5 -41 0.138 -1.013
5 -40 0.138 -0.988
5 -39 0.138 -0.963
5 -38 0.138 -0.938
5 -37 0.138 -0.913
5 -36 0.138 -0.888
5 -35 0.138 -0.863
5 -34 0.138 -0.838
5 -33 0.138 -0.813
5 -32 0.138 -0.788
5 -31 0.138 -0.763
5 -30 0.138 -0.738
5 -29 0.138 -0.713
5 -28 0.138 -0.688
5 -27 0.138 -0.663
5 -47 0.138 -1.163
5 -48 0.138 -1.188
6 -49 0.163 -1.213
6 -48 0.163 -1.188
6 -47 0.163 -1.163
6 -46 0.163 -1.138
6 -45 0.163 -1.113
6 -44 0.163 -1.088
6 -43 0.163 -1.063
6 -42 0.163 -1.038
6 -41 0.163 -1.013
6 -40 0.163 -0.988
6 -39 0.163 -0.963
6 -38 0.163 -0.938
6 -37 0.163 -0.913
6 -36 0.163 -0.888
6 -35 0.163 -0.863
6 -34 0.163 -0.838
6 -33 0.163 -0.813
6 -32 0.163 -0.788
6 -31 0.163 -0.763
6 -30 0.163 -0.738
6 -29 0.163 -0.713
6 -28 0.163 -0.688
6 -27 0.163 -0.663
6 -26 0.163 -0.638
6 -50 0.163 -1.238
7 -51 0.188 -1.263
7 -50 0.188 -1.238
7 -49 0.188 -1.213
7 -48 0.188 -1.188
7 -47 0.188 -1.163
7 -46 0.188 -1.138
7 -45 0.188 -1.113
7 -44 0.188 -1.088
7 -43 0.188 -1.063
7 -42 0.188 -1.038
7 -41 0.188 -1.013
7 -40 0.188 -0.988
7 -39 0.188 -0.963
7 -38 0.188 -0.938
7 -37 0.188 -0.913
7 -36 0.188 -0.888
7 -35 0.188 -0.863
7 -34 0.188 -0.838
7 -33 0.188 -0.813
7 -32 0.188 -0.788
7 -31 0.188 -0.763
7 -30 0.188 -0.738
7 -29 0.188 -0.713
7 -28 0.188 -0.688
7 -27 0.188 -0.663
7 -26 0.188 -0.638
7 -52 0.188 -1.288
7 -53 0.188 -1.313
8 -54 0.213 -1.338
8 -53 0.213 -1.313
8 -52 0.213 -1.288
8 -51 0.213 -1.263
8 -50 0.213 -1.238
8 -49 0.213 -1.213
8 -48 0.213 -1.188
8 -47 0.213 -1.163
8 -46 0.213 -1.138
8 -45 0.213 -1.113
8 -44 0.213 -1.088
8 -43 0.213 -1.063
8 -42 0.213 -1.038
8 -41 0.213 -1.013
8 -40 0.213 -0.988
8 -39 0.213 -0.963
8 -38 0.213 -0.938
8 -37 0.213 -0.913
8 -36 0.213 -0.888
8 -35 0.213 -0.863
8 -34 0.213 -0.838
8 -33 0.213 -0.813
8 -32 0.213 -0.788
8 -31 0.213 -0.763
8 -30 0.213 -0.738
8 -29 0.213 -0.713
8 -28 0.213 -0.688
8 -27 0.213 -0.663
8 -26 0.213 -0.638
8 -25 0.213 -0.613
9 -54 0.238 -1.338
9 -53 0.238 -1.313
9 -52 0.238 -1.288
9 -51 0.238 -1.263
9 -50 0.238 -1.238
9 -49 0.238 -1.213
9 -48 0.238 -1.188
9 -47 0.238 -1.163
9 -46 0.238 -1.138
9 -45 0.238 -1.113
9 -44 0.238 -1.088
9 -43 0.238 -1.063
9 -42 0.238 -1.038
9 -41 0.238 -1.013
9 -40 0.238 -0.988
9 -39 0.238 -0.963
9 -38 0.238 -0.938
9 -37 0.238 -0.913
9 -36 0.238 -0.888
9 -35 0.238 -0.863
9 -34 0.238 -0.838
9 -33 0.238 -0.813
9 -32 0.238 -0.788
9 -31 0.238 -0.763
9 -30 0.238 -0.738
9 -29 0.238 -0.713
9 -28 0.238 -0.688
9 -27 0.238 -0.663
9 -26 0.238 -0.638
9 -25 0.238 -0.613
10 -54 0.263 -1.338
10 -53 0.263 -1.313
10 -52 0.263 -1.288
10 -51 0.263 -1.263
10 -50 0.263 -1.238
10 -49 0.263 -1.213
10 -48 0.263 -1.188
10 -47 0.263 -1.163
10 -46 0.263 -1.138
10 -45 0.263 -1.113
10 -44 0.263 -1.088
10 -43 0.263 -1.063
10 -42 0.263 -1.038
10 -41 0.263 -1.013
10 -40 0.263 -0.988
10 -39 0.263 -0.963
10 -38 0.263 -0.938
10 -37 0.263 -0.913
10 -36 0.263 -0.888
10 -35 0.263 -0.863
10 -34 0.263 -0.838
10 -33 0.263 -0.813
10 -32 0.263 -0.788
10 -31 0.263 -0.763
10 -30 0.263 -0.738
10 -29 0.263 -0.713
10 -28 0.263 -0.688
10 -27 0.263 -0.663
10 -26 0.263 -0.638
10 -25 0.263 -0.613
10 -24 0.263 -0.588
11 -54 0.288 -1.338
11 -53 0.288 -1.313
11 -52 0.288 -1.288
11 -51 0.288 -1.263
11 -50 0.288 -1.238
11 -49 0.288 -1.213
11 -48 0.288 -1.188
11 -47 0.288 -1.163
11 -46 0.288 -1.138
11 -45 0.288 -1.113
11 -44 0.288 -1.088
11 -43 0.288 -1.063
11 -42 0.288 -1.038
11 -41 0.288 -1.013
11 -40 0.288 -0.988
11 -39 0.288 -0.963
11 -38 0.288 -0.938
11 -37 0.288 -0.913
11 -36 0.288 -0.888
11 -35 0.288 -0.863
11 -34 0.288 -0.838
11 -33 0.288 -0.813
11 -32 0.288 -0.788
11 -31 0.288 -0.763
11 -30 0.288 -0.738
11 -29 0.288 -0.713
11 -28 0.288 -0.688
11 -27 0.288 -0.663
11 -26 0.288 -0.638
11 -25 0.288 -0.613
11 -24 0.288 -0.588
12 -54 0.313 -1.338
12 -53 0.313 -1.313
12 -52 0.313 -1.288
12 -51 0.313 -1.263
12 -50 0.313 -1.238
12 -49 0.313 -1.213
12 -48 0.313 -1.188
12 -47 0.313 -1.163
12 -46 0.313 -1.138
12 -45 0.313 -1.113
12 -44 0.313 -1.088
12 -43 0.313 -1.063
12 -42 0.313 -1.038
12 -41 0.313 -1.013
12 -40 0.313 -0.988
12 -39 0.313 -0.963
12 -38 0.313 -0.938
12 -37 0.313 -0.913
12 -36 0.313 -0.888
12 -35 0.313 -0.863
12 -34 0.313 -0.838
12 -33 0.313 -0.813
12 -32 0.313 -0.788
12 -31 0.313 -0.763
12 -30 0.313 -0.738
12 -29 0.313 -0.713
12 -28 0.313 -0.688
12 -27 0.313 -0.663
12 -26 0.313 -0.638
12 -25 0.313 -0.613
12 -24 0.313 -0.588
13 -54 0.338 -1.338
13 -53 0.338 -1.313
13 -52 0.338 -1.288
13 -51 0.338 -1.263
13 -50 0.338 -1.238
13 -49 0.338 -1.213
13 -48 0.338 -1.188
13 -47 0.338 -1.163
13 -46 0.338 -1.138
13 -45 0.338 -1.113
13 -44 0.338 -1.088
13 -43 0.338 -1.063
13 -42 0.338 -1.038
13 -41 0.338 -1.013
13 -40 0.338 -0.988
13 -39 0.338 -0.963
13 -38 0.338 -0.938
13 -37 0.338 -0.913
13 -36 0.338 -0.888
13 -35 0.338 -0.863
13 -34 0.338 -0.838
13 -33 0.338 -0.813
13 -32 0.338 -0.788
13 -31 0.338 -0.763
13 -30 0.338 -0.738
13 -29 0.338 -0.713
13 -28 0.338 -0.688
13 -27 0.338 -0.663
13 -26 0.338 -0.638
13 -25 0.338 -0.613
13 -24 0.338 -0.588
13 -23 0.338 -0.563
14 -54 0.363 -1.338
14 -53 0.363 -1.313
14 -52 0.363 -1.288
14 -51 0.363 -1.263
14 -50 0.363 -1.238
14 -49 0.363 -1.213
14 -48 0.363 -1.188
14 -47 0.363 -1.163
14 -46 0.363 -1.138
14 -45 0.363 -1.113
14 -44 0.363 -1.088
14 -43 0.363 -1.063
14 -42 0.363 -1.038
14 -41 0.363 -1.013
14 -40 0.363 -0.988
14 -39 0.363 -0.963
14 -38 0.363 -0.938
14 -37 0.363 -0.913
14 -36 0.363 -0.888
14 -35 0.363 -0.863
14 -34 0.363 -0.838
14 -33 0.363 -0.813
14 -32 0.363 -0.788
14 -31 0.363 -0.763
14 -30 0.363 -0.738
14 -29 0.363 -0.713
14 -28 0.363 -0.688
14 -27 0.363 -0.663
14 -26 0.363 -0.638
14 -25 0.363 -0.613
14 -24 0.363 -0.588
14 -23 0.363 -0.563
15 -54 0.388 -1.338
15 -53 0.388 -1.313
15 -52 0.388 -1.288
15 -51 0.388 -1.263
15 -50 0.388 -1.238
15 -49 0.388 -1.213
15 -48 0.388 -1.188
15 -47 0.388 -1.163
15 -46 0.388 -1.138
15 -45 0.388 -1.113
15 -44 0.388 -1.088
15 -43 0.388 -1.063
15 -42 0.388 -1.038
15 -41 0.388 -1.013
15 -40 0.388 -0.988
15 -39 0.388 -0.963
15 -38 0.388 -0.938
15 -37 0.388 -0.913
15 -36 0.388 -0.888
15 -35 0.388 -0.863
15 -34 0.388 -0.838
15 -33 0.388 -0.813
15 -32 0.388 -0.788
15 -31 0.388 -0.763
15 -30 0.388 -0.738
15 -29 0.388 -0.713
15 -28 0.388 -0.688
15 -27 0.388 -0.663
15 -26 0.388 -0.638
15 -25 0.388 -0.613
15 -24 0.388 -0.588
15 -23 0.388 -0.563
15 -22 0.388 -0.538
16 -54 0.413 -1.338
16 -53 0.413 -1.313
16 -52 0.413 -1.288
16 -51 0.413 -1.263
16 -50 0.413 -1.238
16 -49 0.413 -1.213
16 -48 0.413 -1.188
16 -47 0.413 -1.163
16 -46 0.413 -1.138
16 -45 0.413 -1.113
16 -44 0.413 -1.088
16 -43 0.413 -1.063
16 -42 0.413 -1.038
16 -41 0.413 -1.013
16 -40 0.413 -0.988
16 -39 0.413 -0.963
16 -38 0.413 -0.938
16 -37 0.413 -0.913
16 -36 0.413 -0.888
16 -35 0.413 -0.863
16 -34 0.413 -0.838
16 -33 0.413 -0.813
16 -32 0.413 -0.788
16 -31 0.413 -0.763
16 -30 0.413 -0.738
16 -29 0.413 -0.713
16 -28 0.413 -0.688
16 -27 0.413 -0.663
16 -26 0.413 -0.638
16 -25 0.413 -0.613
16 -24 0.413 -0.588
16 -23 0.413 -0.563
16 -22 0.413 -0.538
17 -54 0.438 -1.338
17 -53 0.438 -1.313
17 -52 0.438 -1.288
17 -51 0.438 -1.263
17 -50 0.438 -1.238
17 -49 0.438 -1.213
17 -48 0.438 -1.188
17 -47 0.438 -1.163
17 -46 0.438 -1.138
17 -45 0.438 -1.113
17 -44 0.438 -1.088
17 -43 0.438 -1.063
17 -42 0.438 -1.038
17 -41 0.438 -1.013
17 -40 0.438 -0.988
17 -39 0.438 -0.963
17 -38 0.438 -0.938
17 -37 0.438 -0.913
17 -36 0.438 -0.888
17 -35 0.438 -0.863
17 -34 0.438 -0.838
17 -33 0.438 -0.813
17 -32 0.438 -0.788
17 -31 0.438 -0.763
17 -30 0.438 -0.738
17 -29 0.438 -0.713
17 -28 0.438 -0.688
17 -27 0.438 -0.663
17 -26 0.438 -0.638
17 -25 0.438 -0.613
17 -24 0.438 -0.588
17 -23 0.438 -0.563
17 -22 0.438 -0.538
18 -54 0.463 -1.338
18 -53 0.463 -1.313
18 -52 0.463 -1.288
18 -51 0.463 -1.263
18 -50 0.463 -1.238
18 -49 0.463 -1.213
18 -48 0.463 -1.188
18 -47 0.463 -1.163
18 -46 0.463 -1.138
18 -45 0.463 -1.113
18 -44 0.463 -1.088
18 -43 0.463 -1.063
18 -42 0.463 -1.038
18 -41 0.463 -1.013
18 -40 0.463 -0.988
18 -39 0.463 -0.963
18 -38 0.463 -0.938
18 -37 0.463 -0.913
18 -36 0.463 -0.888
18 -35 0.463 -0.863
18 -34 0.463 -0.838
18 -33 0.463 -0.813
18 -32 0.463 -0.788
18 -31 0.463 -0.763
18 -30 0.463 -0.738
18 -29 0.463 -0.713
18 -28 0.463 -0.688
18 -27 0.463 -0.663
18 -26 0.463 -0.638
18 -25 0.463 -0.613
18 -24 0.463 -0.588
18 -23 0.463 -0.563
18 -22 0.463 -0.538
18 -21 0.463 -0.513
19 -54 0.488 -1.338
19 -53 0.488 -1.313
19 -52 0.488 -1.288
19 -51 0.488 -1.263
19 -50 0.488 -1.238
19 -49 0.488 -1.213
19 -48 0.488 -1.188
19 -47 0.488 -1.163
19 -46 0.488 -1.138
19 -45 0.488 -1.113
19 -44 0.488 -1.088
19 -43 0.488 -1.063
19 -42 0.488 -1.038
19 -41 0.488 -1.013
19 -40 0.488 -0.988
19 -39 0.488 -0.963
19 -38 0.488 -0.938
19 -37 0.488 -0.913
19 -36 0.488 -0.888
19 -35 0.488 -0.863
19 -34 0.488 -0.838
19 -33 0.488 -0.813
19 -32 0.488 -0.788
19 -31 0.488 -0.763
19 -30 0.488 -0.738
19 -29 0.488 -0.713
19 -28 0.488 -0.688
19 -27 0.488 -0.663
19 -26 0.488 -0.638
19 -25 0.488 -0.613
19 -24 0.488 -0.588
19 -23 0.488 -0.563
19 -22 0.488 -0.538
19 -21 0.488 -0.513
20 -54 0.513 -1.338
20 -53 0.513 -1.313
20 -52 0.513 -1.288
20 -51 0.513 -1.263
20 -50 0.513 -1.238
20 -49 0.513 -1.213
20 -48 0.513 -1.188
20 -47 0.513 -1.163
20 -46 0.513 -1.138
20 -45 0.513 -1.113
20 -44 0.513 -1.088
20 -43 0.513 -1.063
20 -42 0.513 -1.038
20 -41 0.513 -1.013
20 -40 0.513 -0.988
20 -39 0.513 -0.963
20 -38 0.513 -0.938
20 -37 0.513 -0.913
20 -36 0.513 -0.888
20 -35 0.513 -0.863
20 -34 0.513 -0.838
20 -33 0.513 -0.813
20 -32 0.513 -0.788
20 -31 0.513 -0.763
20 -30 0.513 -0.738
20 -29 0.513 -0.713
20 -28 0.513 -0.688
20 -27 0.513 -0.663
20 -26 0.513 -0.638
20 -25 0.513 -0.613
20 -24 0.513 -0.588
20 -23 0.513 -0.563
20 -22 0.513 -0.538
20 -21 0.513 -0.513
20 -20 0.513 -0.488
21 -54 0.538 -1.338
21 -53 0.538 -1.313
21 -52 0.538 -1.288
21 -51 0.538 -1.263
21 -50 0.538 -1.238
21 -49 0.538 -1.213
21 -48 0.538 -1.188
21 -47 0.538 -1.163
21 -46 0.538 -1.138
21 -45 0.538 -1.113
21 -44 0.538 -1.088
21 -43 0.538 -1.063
21 -42 0.538 -1.038
21 -41 0.538 -1.013
21 -40 0.538 -0.988
21 -39 0.538 -0.963
21 -38 0.538 -0.938
21 -37 0.538 -0.913
21 -36 0.538 -0.888
21 -35 0.538 -0.863
21 -34 0.538 -0.838
21 -33 0.538 -0.813
21 -32 0.538 -0.788
21 -31 0.538 -0.763
21 -30 0.538 -0.738
21 -29 0.538 -0.713
21 -28 0.538 -0.688
21 -27 0.538 -0.663
21 -26 0.538 -0.638
21 -25 0.538 -0.613
21 -24 0.538 -0.588
21 -23 0.538 -0.563
21 -22 0.538 -0.538
21 -21 0.538 -0.513
21 -20 0.538 -0.488
22 -54 0.563 -1.338
22 -53 0.563 -1.313
22 -52 0.563 -1.288
22 -51 0.563 -1.263
22 -50 0.563 -1.238
22 -49 0.563 -1.213
22 -48 0.563 -1.188
22 -47 0.563 -1.163
22 -46 0.563 -1.138
22 -45 0.563 -1.113
22 -44 0.563 -1.088
22 -43 0.563 -1.063
22 -42 0.563 -1.038
22 -41 0.563 -1.013
22 -40 0.563 -0.988
22 -39 0.563 -0.963
22 -38 0.563 -0.938
22 -37 0.563 -0.913
22 -36 0.563 -0.888
22 -35 0.563 -0.863
22 -34 0.563 -0.838
22 -33 0.563 -0.813
22 -32 0.563 -0.788
22 -31 0.563 -0.763
22 -30 0.563 -0.738
22 -29 0.563 -0.713
22 -28 0.563 -0.688
22 -27 0.563 -0.663
22 -26 0.563 -0.638
22 -25 0.563 -0.613
22 -24 0.563 -0.588
22 -23 0.563 -0.563
22 -22 0.563 -0.538
22 -21 0.563 -0.513
22 -20 0.563 -0.488
23 -54 0.588 -1.338
23 -53 0.588 -1.313
23 -52 0.588 -1.288
23 -51 0.588 -1.263
23 -50 0.588 -1.238
23 -49 0.588 -1.213
23 -48 0.588 -1.188
23 -47 0.588 -1.163
23 -46 0.588 -1.138
23 -45 0.588 -1.113
23 -44 0.588 -1.088
23 -43 0.588 -1.063
23 -42 0.588 -1.038
23 -41 0.588 -1.013
23 -40 0.588 -0.988
23 -39 0.588 -0.963
23 -38 0.588 -0.938
23 -37 0.588 -0.913
23 -36 0.588 -0.888
23 -35 0.588 -0.863
23 -34 0.588 -0.838
23 -33 0.588 -0.813
23 -32 0.588 -0.788
23 -31 0.588 -0.763
23 -30 0.588 -0.738
23 -29 0.588 -0.713
23 -28 0.588 -0.688
23 -27 0.588 -0.663
23 -26 0.588 -0.638
23 -25 0.588 -0.613
23 -24 0.588 -0.588
23 -23 0.588 -0.563
23 -22 0.588 -0.538
23 -21 0.588 -0.513
23 -20 0.588 -0.488
24 -53 0.613 -1.313
24 -52 0.613 -1.288
24 -51 0.613 -1.263
24 -50 0.613 -1.238
24 -49 0.613 -1.213
24 -48 0.613 -1.188
24 -47 0.613 -1.163
24 -46 0.613 -1.138
24 -45 0.613 -1.113
24 -44 0.613 -1.088
24 -43 0.613 -1.063
24 -42 0.613 -1.038
24 -41 0.613 -1.013
24 -40 0.613 -0.988
24 -39 0.613 -0.963
24 -38 0.613 -0.938
24 -37 0.613 -0.913
24 -36 0.613 -0.888
24 -35 0.613 -0.863
24 -34 0.613 -0.838
24 -33 0.613 -0.813
24 -32 0.613 -0.788
24 -31 0.613 -0.763
24 -30 0.613 -0.738
24 -29 0.613 -0.713
24 -28 0.613 -0.688
24 -27 0.613 -0.663
24 -26 0.613 -0.638
24 -25 0.613 -0.613
24 -24 0.613 -0.588
24 -23 0.613 -0.563
24 -22 0.613 -0.538
25 -52 0.638 -1.288
25 -51 0.638 -1.263
25 -50 0.638 -1.238
25 -49 0.638 -1.213
25 -48 0.638 -1.188
25 -47 0.638 -1.163
25 -46 0.638 -1.138
25 -45 0.638 -1.113
25 -44 0.638 -1.088
25 -43 0.638 -1.063
25 -42 0.638 -1.038
25 -41 0.638 -1.013
25 -40 0.638 -0.988
25 -39 0.638 -0.963
25 -38 0.638 -0.938
25 -37 0.638 -0.913
25 -36 0.638 -0.888
25 -35 0.638 -0.863
25 -34 0.638 -0.838
25 -33 0.638 -0.813
25 -32 0.638 -0.788
25 -31 0.638 -0.763
25 -30 0.638 -0.738
25 -29 0.638 -0.713
25 -28 0.638 -0.688
25 -27 0.638 -0.663
25 -26 0.638 -0.638
25 -25 0.638 -0.613
26 -51 0.663 -1.263
26 -50 0.663 -1.238
26 -49 0.663 -1.213
26 -48 0.663 -1.188
26 -47 0.663 -1.163
26 -46 0.663 -1.138
26 -45 0.663 -1.113
26 -44 0.663 -1.088
26 -43 0.663 -1.063
26 -42 0.663 -1.038
26 -41 0.663 -1.013
26 -40 0.663 -0.988
26 -39 0.663 -0.963
26 -38 0.663 -0.938
26 -37 0.663 -0.913
26 -36 0.663 -0.888
26 -35 0.663 -0.863
26 -34 0.663 -0.838
26 -33 0.663 -0.813
26 -32 0.663 -0.788
26 -31 0.663 -0.763
26 -30 0.663 -0.738
26 -29 0.663 -0.713
26 -28 0.663 -0.688
26 -27 0.663 -0.663
27 -50 0.688 -1.238
27 -49 0.688 -1.213
27 -48 0.688 -1.188
27 -47 0.688 -1.163
27 -46 0.688 -1.138
27 -45 0.688 -1.113
27 -44 0.688 -1.088
27 -43 0.688 -1.063
27 -42 0.688 -1.038
27 -41 0.688 -1.013
27 -40 0.688 -0.988
27 -39 0.688 -0.963
27 -38 0.688 -0.938
27 -37 0.688 -0.913
27 -36 0.688 -0.888
27 -35 0.688 -0.863
27 -34 0.688 -0.838
27 -33 0.688 -0.813
27 -32 0.688 -0.788
27 -31 0.688 -0.763
27 -30 0.688 -0.738
28 -49 0.713 -1.213
28 -48 0.713 -1.188
28 -47 0.713 -1.163
28 -46 0.713 -1.138
28 -45 0.713 -1.113
28 -44 0.713 -1.088
28 -43 0.713 -1.063
28 -42 0.713 -1.038
28 -41 0.713 -1.013
28 -40 0.713 -0.988
28 -39 0.713 -0.963
28 -38 0.713 -0.938
28 -37 0.713 -0.913
28 -36 0.713 -0.888
28 -35 0.713 -0.863
28 -34 0.713 -0.838
28 -33 0.713 -0.813
28 -32 0.713 -0.788
29 -48 0.738 -1.188
29 -47 0.738 -1.163
29 -46 0.738 -1.138
29 -45 0.738 -1.113
29 -44 0.738 -1.088
29 -43 0.738 -1.063
29 -42 0.738 -1.038
29 -41 0.738 -1.013
29 -40 0.738 -0.988
29 -39 0.738 -0.963
29 -38 0.738 -0.938
29 -37 0.738 -0.913
29 -36 0.738 -0.888
29 -35 0.738 -0.863
30 -47 0.763 -1.163
30 -46 0.763 -1.138
30 -45 0.763 -1.113
30 -44 0.763 -1.088
30 -43 0.763 -1.063
30 -42 0.763 -1.038
30 -41 0.763 -1.013
30 -40 0.763 -0.988
30 -39 0.763 -0.963
30 -38 0.763 -0.938
30 -37 0.763 -0.913
31 -46 0.788 -1.138
31 -45 0.788 -1.113
31 -44 0.788 -1.088
31 -43 0.788 -1.063
31 -42 0.788 -1.038
31 -41 0.788 -1.013
31 -40 0.788 -0.988
31 -39 0.788 -0.963
32 -45 0.813 -1.113
32 -44 0.813 -1.088
32 -43 0.813 -1.063
32 -42 0.813 -1.038
-24 5 -0.588 0.138
-22 6 -0.538 0.163
-17 8 -0.413 0.213
-15 9 -0.363 0.238
-12 10 -0.288 0.263
-10 11 -0.238 0.288
-5 13 -0.113 0.338
-3 14 -0.063 0.363
0 15 0.013 0.388
2 16 0.063 0.413
5 17 0.138 0.438
7 18 0.188 0.463
12 20 0.313 0.513
14 21 0.363 0.538
17 16 0.438 0.413
19 11 0.488 0.288
24 -1 0.613 -0.013
-25 5 -0.613 0.138
-23 6 -0.563 0.163
-20 7 -0.488 0.188
-18 8 -0.438 0.213
-13 10 -0.313 0.263
-11 11 -0.263 0.288
-8 12 -0.188 0.313
-6 13 -0.138 0.338
-1 15 -0.013 0.388
1 16 0.038 0.413
4 17 0.113 0.438
6 18 0.163 0.463
9 19 0.238 0.488
11 20 0.288 0.513
15 21 0.388 0.538
20 9 0.513 0.238
22 4 0.563 0.113
25 -3 0.638 -0.063
0 -28 0.013 -0.688
2 -27 0.063 -0.663
5 -26 0.138 -0.638
7 -25 0.188 -0.613
12 -23 0.313 -0.563
17 -21 0.438 -0.513
19 -20 0.488 -0.488
22 -19 0.563 -0.463
27 -29 0.688 -0.713
29 -34 0.738 -0.838
32 -41 0.813 -1.013
-23 -2 -0.563 -0.038
-21 7 -0.513 0.188
-18 -14 -0.438 -0.338
-16 9 -0.388 0.238
-4 14 -0.088 0.363
8 19 0.213 0.488
13 21 0.338 0.538
-1 -28 -0.013 -0.688
-1 -34 -0.013 -0.838
1 -27 0.038 -0.663
4 -26 0.113 -0.638
6 -25 0.163 -0.613
9 -24 0.238 -0.588
11 -23 0.288 -0.563
13 -22 0.338 -0.538
14 -22 0.363 -0.538
16 -21 0.413 -0.513
18 -20 0.463 -0.488
21 -19 0.538 -0.463
-24 6 -0.588 0.163
-19 8 -0.463 0.213
-17 9 -0.413 0.238
-14 10 -0.338 0.263
-12 11 -0.288 0.288
-9 12 -0.213 0.313
-7 13 -0.163 0.338
-2 15 -0.038 0.388
0 16 0.013 0.413
3 17 0.088 0.438
5 18 0.138 0.463
10 20 0.263 0.513
12 21 0.313 0.538
-25 6 -0.613 0.163
-22 7 -0.538 0.188
-20 8 -0.488 0.213
-15 10 -0.363 0.263
-13 11 -0.313 0.288
-10 12 -0.238 0.313
-8 13 -0.188 0.338
-5 14 -0.113 0.363
-3 15 -0.063 0.388
2 17 0.063 0.438
4 18 0.113 0.463
7 19 0.188 0.488
9 20 0.238 0.513
14 22 0.363 0.563
-2 -28 -0.038 -0.688
0 -27 0.013 -0.663
3 -26 0.088 -0.638
5 -25 0.138 -0.613
8 -24 0.213 -0.588
10 -23 0.263 -0.563
15 -21 0.388 -0.513
17 -20 0.438 -0.488
20 -19 0.513 -0.463
-23 7 -0.563 0.188
-18 9 -0.438 0.238
-16 -19 -0.388 -0.463
-6 14 -0.138 0.363
-1 16 -0.013 0.413
6 19 0.163 0.488
11 21 0.288 0.538
-3 -29 -0.063 -0.713
-3 -28 -0.063 -0.688
-1 -27 -0.013 -0.663
1 -39 0.038 -0.963
2 -26 0.063 -0.638
4 -25 0.113 -0.613
6 -51 0.163 -1.263
7 -24 0.188 -0.588
9 -23 0.238 -0.563
11 -22 0.288 -0.538
12 -22 0.313 -0.538
14 -21 0.363 -0.513
16 -20 0.413 -0.488
19 -19 0.488 -0.463
21 -18 0.538 -0.438
22 -18 0.563 -0.438
-21 8 -0.513 0.213
-16 10 -0.388 0.263
-14 11 -0.338 0.288
-11 12 -0.263 0.313
-9 13 -0.213 0.338
-4 15 -0.088 0.388
-2 16 -0.038 0.413
1 17 0.038 0.438
3 18 0.088 0.463
8 20 0.213 0.513
10 21 0.263 0.538
13 22 0.338 0.563
-24 7 -0.588 0.188
-22 8 -0.538 0.213
-19 9 -0.463 0.238
-17 10 -0.413 0.263
-12 12 -0.288 0.313
-10 13 -0.238 0.338
-7 14 -0.163 0.363
-5 15 -0.113 0.388
0 17 0.013 0.438
2 18 0.063 0.463
5 19 0.138 0.488
7 20 0.188 0.513
12 22 0.313 0.563
1 -26 0.038 -0.638
3 -25 0.088 -0.613
6 -24 0.163 -0.588
8 -23 0.213 -0.563
13 -21 0.338 -0.513
15 -20 0.388 -0.488
18 -19 0.463 -0.463
20 -18 0.513 -0.438
-26 5 -0.638 0.138
-26 6 -0.638 0.163
-21 -7 -0.513 -0.163
-20 9 -0.488 0.238
-15 11 -0.363 0.288
-8 14 -0.188 0.363
-3 16 -0.063 0.413
9 21 0.238 0.538
-3 -27 -0.063 -0.663
-2 -27 -0.038 -0.663
0 -26 0.013 -0.638
2 -25 0.063 -0.613
3 -44 0.088 -1.088
5 -24 0.138 -0.588
7 -23 0.188 -0.563
9 -22 0.238 -0.538
10 -22 0.263 -0.538
12 -21 0.313 -0.513
14 -20 0.363 -0.488
17 -19 0.438 -0.463
19 -18 0.488 -0.438
