9 28 0.238 0.713
28 9 0.713 0.238
-25 5 -0.613 0.138
-24 4 -0.588 0.113
-23 3 -0.563 0.088
-22 2 -0.538 0.063
-21 1 -0.513 0.038
-20 0 -0.488 0.013
-19 -1 -0.463 -0.013
-18 -2 -0.438 -0.038
-17 -3 -0.413 -0.063
-16 -4 -0.388 -0.088
-15 -5 -0.363 -0.113
-14 -6 -0.338 -0.138
-13 -7 -0.313 -0.163
-12 -8 -0.288 -0.188
-11 -9 -0.263 -0.213
-10 -10 -0.238 -0.238
-9 -11 -0.213 -0.263
-8 -12 -0.188 -0.288
-7 -13 -0.163 -0.313
-6 -14 -0.138 -0.338
-5 -15 -0.113 -0.363
-4 -16 -0.088 -0.388
-3 -17 -0.063 -0.413
-2 -18 -0.038 -0.438
-1 -19 -0.013 -0.463
0 -20 0.013 -0.488
1 -21 0.038 -0.513
2 -22 0.063 -0.538
3 -23 0.088 -0.563
4 -24 0.113 -0.588
5 -25 0.138 -0.613
9 27 0.238 0.688
10 26 0.263 0.663
11 25 0.288 0.638
12 24 0.313 0.613
13 23 0.338 0.588
14 22 0.363 0.563
15 21 0.388 0.538
16 20 0.413 0.513
17 19 0.438 0.488
18 18 0.463 0.463
19 17 0.488 0.438
20 16 0.513 0.413
21 15 0.538 0.388
22 14 0.563 0.363
23 13 0.588 0.338
24 12 0.613 0.313
25 11 0.638 0.288
26 10 0.663 0.263
27 9 0.688 0.238
-25 4 -0.613 0.113
-24 3 -0.588 0.088
-23 2 -0.563 0.063
-22 1 -0.538 0.038
-21 0 -0.513 0.013
-20 -1 -0.488 -0.013
-19 -2 -0.463 -0.038
-18 -3 -0.438 -0.063
-17 -4 -0.413 -0.088
-16 -5 -0.388 -0.113
-15 -6 -0.363 -0.138
-14 -7 -0.338 -0.163
-13 -8 -0.313 -0.188
-12 -9 -0.288 -0.213
-11 -10 -0.263 -0.238
-10 -11 -0.238 -0.263
-9 -12 -0.213 -0.288
-8 -13 -0.188 -0.313
-7 -14 -0.163 -0.338
-6 -15 -0.138 -0.363
-5 -16 -0.113 -0.388
-4 -17 -0.088 -0.413
-3 -18 -0.063 -0.438
-2 -19 -0.038 -0.463
-1 -20 -0.013 -0.488
0 -21 0.013 -0.513
1 -22 0.038 -0.538
2 -23 0.063 -0.563
3 -24 0.088 -0.588
4 -25 0.113 -0.613
9 26 0.238 0.663
10 25 0.263 0.638
11 24 0.288 0.613
12 23 0.313 0.588
13 22 0.338 0.563
14 21 0.363 0.538
15 20 0.388 0.513
16 19 0.413 0.488
17 18 0.438 0.463
18 17 0.463 0.438
19 16 0.488 0.413
20 15 0.513 0.388
21 14 0.538 0.363
22 13 0.563 0.338
23 12 0.588 0.313
24 11 0.613 0.288
25 10 0.638 0.263
26 9 0.663 0.238
