-1 24 -0.013 0.613
5 -24 0.138 -0.588
6 -22 0.163 -0.538
8 -17 0.213 -0.413
9 -15 0.238 -0.363
10 -12 0.263 -0.288
11 -10 0.288 -0.238
11 19 0.288 0.488
13 -5 0.338 -0.113
14 -3 0.363 -0.063
15 0 0.388 0.013
16 2 0.413 0.063
16 17 0.413 0.438
17 5 0.438 0.138
18 7 0.463 0.188
20 12 0.513 0.313
21 14 0.538 0.363
-3 25 -0.063 0.638
4 22 0.113 0.563
5 -25 0.138 -0.613
6 -23 0.163 -0.563
7 -20 0.188 -0.488
8 -18 0.213 -0.438
9 20 0.238 0.513
10 -13 0.263 -0.313
11 -11 0.288 -0.263
12 -8 0.313 -0.188
13 -6 0.338 -0.138
15 -1 0.388 -0.013
16 1 0.413 0.038
17 4 0.438 0.113
18 6 0.463 0.163
19 9 0.488 0.238
20 11 0.513 0.288
21 15 0.538 0.388
-41 32 -1.013 0.813
-34 29 -0.838 0.738
-29 27 -0.713 0.688
-28 0 -0.688 0.013
-27 2 -0.663 0.063
-26 5 -0.638 0.138
-25 7 -0.613 0.188
-23 12 -0.563 0.313
-22 14 -0.538 0.363
-21 17 -0.513 0.438
-20 19 -0.488 0.488
-19 22 -0.463 0.563
-14 -18 -0.338 -0.438
-2 -23 -0.038 -0.563
7 -21 0.188 -0.513
9 -16 0.238 -0.388
14 -4 0.363 -0.088
19 8 0.488 0.213
21 13 0.538 0.338
-46 4 -1.138 0.113
-34 -1 -0.838 -0.013
-28 -1 -0.688 -0.013
-27 1 -0.663 0.038
-26 4 -0.638 0.113
-25 6 -0.613 0.163
-24 9 -0.588 0.238
-23 11 -0.563 0.288
-22 13 -0.538 0.338
-21 16 -0.513 0.413
-20 18 -0.488 0.463
-19 21 -0.463 0.538
6 -24 0.163 -0.588
8 -19 0.213 -0.463
9 -17 0.238 -0.413
10 -14 0.263 -0.338
11 -12 0.288 -0.288
12 -9 0.313 -0.213
13 -7 0.338 -0.163
15 -2 0.388 -0.038
16 0 0.413 0.013
17 3 0.438 0.088
18 5 0.463 0.138
20 10 0.513 0.263
21 12 0.538 0.313
6 -25 0.163 -0.613
7 -22 0.188 -0.538
8 -20 0.213 -0.488
10 -15 0.263 -0.363
11 -13 0.288 -0.313
12 -10 0.313 -0.238
13 -8 0.338 -0.188
14 -5 0.363 -0.113
15 -3 0.388 -0.063
17 2 0.438 0.063
18 4 0.463 0.113
19 7 0.488 0.188
20 9 0.513 0.238
22 14 0.563 0.363
-28 -2 -0.688 -0.038
-27 0 -0.663 0.013
-26 3 -0.638 0.088
-25 5 -0.613 0.138
-24 8 -0.588 0.213
-23 10 -0.563 0.263
-21 15 -0.513 0.388
-20 17 -0.488 0.438
-19 20 -0.463 0.513
-19 -16 -0.463 -0.388
7 -23 0.188 -0.563
9 -18 0.238 -0.438
14 -6 0.363 -0.138
16 -1 0.413 -0.013
19 6 0.488 0.163
21 11 0.538 0.288
-51 6 -1.263 0.163
-39 1 -0.963 0.038
-29 -3 -0.713 -0.063
-28 -3 -0.688 -0.063
-27 -1 -0.663 -0.013
-26 2 -0.638 0.063
-25 4 -0.613 0.113
-24 7 -0.588 0.188
-23 9 -0.563 0.238
-22 11 -0.538 0.288
-22 12 -0.538 0.313
-21 14 -0.513 0.363
-20 16 -0.488 0.413
-19 19 -0.463 0.488
-18 21 -0.438 0.538
-18 22 -0.438 0.563
8 -21 0.213 -0.513
10 -16 0.263 -0.388
11 -14 0.288 -0.338
12 -11 0.313 -0.263
13 -9 0.338 -0.213
15 -4 0.388 -0.088
16 -2 0.413 -0.038
17 1 0.438 0.038
18 3 0.463 0.088
20 8 0.513 0.213
21 10 0.538 0.263
22 13 0.563 0.338
7 -24 0.188 -0.588
8 -22 0.213 -0.538
9 -19 0.238 -0.463
10 -17 0.263 -0.413
12 -12 0.313 -0.288
13 -10 0.338 -0.238
14 -7 0.363 -0.163
15 -5 0.388 -0.113
17 0 0.438 0.013
18 2 0.463 0.063
19 5 0.488 0.138
20 7 0.513 0.188
22 12 0.563 0.313
-26 1 -0.638 0.038
-25 3 -0.613 0.088
-24 6 -0.588 0.163
-23 8 -0.563 0.213
-21 13 -0.513 0.338
-20 15 -0.488 0.388
-19 18 -0.463 0.463
-18 20 -0.438 0.513
-7 -21 -0.163 -0.513
5 -26 0.138 -0.638
6 -26 0.163 -0.638
9 -20 0.238 -0.488
11 -15 0.288 -0.363
14 -8 0.363 -0.188
16 -3 0.413 -0.063
21 9 0.538 0.238
-27 -3 -0.663 -0.063
-27 -2 -0.663 -0.038
-26 0 -0.638 0.013
-25 2 -0.613 0.063
-24 5 -0.588 0.138
-23 7 -0.563 0.188
-22 9 -0.538 0.238
-22 10 -0.538 0.263
-21 12 -0.513 0.313
-20 14 -0.488 0.363
-19 17 -0.463 0.438
-18 19 -0.438 0.488
