-21 12 -0.513 0.313
-21 13 -0.513 0.338
-21 14 -0.513 0.363
-21 11 -0.513 0.288
-20 7 -0.488 0.188
-20 5 -0.488 0.138
-20 6 -0.488 0.163
-19 0 -0.463 0.013
-17 -9 -0.413 -0.213
-9 20 -0.213 0.513
-4 22 -0.088 0.563
-3 -25 -0.063 -0.613
-2 23 -0.038 0.588
0 24 0.013 0.613
1 24 0.038 0.613
2 -23 0.063 -0.563
2 25 0.063 0.638
3 25 0.088 0.638
15 0 0.388 0.013
16 -2 0.413 -0.038
17 -5 0.438 -0.113
17 -4 0.438 -0.088
18 -7 0.463 -0.163
19 -10 0.488 -0.238
19 -9 0.488 -0.213
20 -12 0.513 -0.288
20 -11 0.513 -0.263
21 -14 0.538 -0.338
21 -13 0.538 -0.313
-53 -25 -1.313 -0.613
-52 -26 -1.288 -0.638
-51 -27 -1.263 -0.663
-50 -28 -1.238 -0.688
-49 -29 -1.213 -0.713
-48 -30 -1.188 -0.738
-47 -31 -1.163 -0.763
-46 -32 -1.138 -0.788
-45 -33 -1.113 -0.813
-44 -33 -1.088 -0.813
-44 -34 -1.088 -0.838
-43 -34 -1.063 -0.838
-43 -33 -1.063 -0.813
-42 -34 -1.038 -0.838
-42 -33 -1.038 -0.813
-41 -34 -1.013 -0.838
-41 -33 -1.013 -0.813
-41 -32 -1.013 -0.788
-40 -33 -0.988 -0.813
-40 -32 -0.988 -0.788
-39 -33 -0.963 -0.813
-39 -32 -0.963 -0.788
-38 -32 -0.938 -0.788
-38 -31 -0.938 -0.763
-37 -32 -0.913 -0.788
-37 -31 -0.913 -0.763
-36 -32 -0.888 -0.788
-36 -31 -0.888 -0.763
-36 -30 -0.888 -0.738
-35 -31 -0.863 -0.763
-35 -30 -0.863 -0.738
-34 -31 -0.838 -0.763
-34 -30 -0.838 -0.738
-34 -29 -0.838 -0.713
-33 -30 -0.813 -0.738
-33 -29 -0.813 -0.713
-32 -30 -0.788 -0.738
-32 -29 -0.788 -0.713
-31 -29 -0.763 -0.713
-31 -28 -0.763 -0.688
-30 -29 -0.738 -0.713
-30 -28 -0.738 -0.688
-29 -28 -0.713 -0.688
-29 -27 -0.713 -0.663
-28 -28 -0.688 -0.688
-28 -27 -0.688 -0.663
-27 -27 -0.663 -0.663
-26 -27 -0.638 -0.663
-26 -26 -0.638 -0.638
-25 -26 -0.613 -0.638
-24 -26 -0.588 -0.638
-24 -25 -0.588 -0.613
-23 -25 -0.563 -0.613
-22 -25 -0.538 -0.613
-22 -24 -0.538 -0.588
-21 -25 -0.513 -0.613
-21 -24 -0.513 -0.588
-21 -17 -0.513 -0.413
-20 -24 -0.488 -0.588
-20 -19 -0.488 -0.463
-19 -24 -0.463 -0.588
-19 -23 -0.463 -0.563
-19 -22 -0.463 -0.538
-19 -21 -0.463 -0.513
-21 10 -0.513 0.263
-21 9 -0.513 0.238
-2 -25 -0.038 -0.613
-1 -25 -0.013 -0.613
0 -24 0.013 -0.588
1 -24 0.038 -0.588
3 -23 0.088 -0.563
5 -22 0.138 -0.538
7 -21 0.188 -0.513
9 -20 0.238 -0.488
13 5 0.338 0.138
14 3 0.363 0.088
15 1 0.388 0.038
16 -1 0.413 -0.013
17 -3 0.438 -0.063
18 -6 0.463 -0.138
18 -5 0.463 -0.113
19 -8 0.488 -0.188
19 -7 0.488 -0.163
20 -10 0.513 -0.238
20 -9 0.513 -0.213
21 -12 0.538 -0.288
21 -11 0.538 -0.263
22 -13 0.563 -0.313
-52 -28 -1.288 -0.688
-52 -27 -1.288 -0.663
-51 -28 -1.263 -0.688
-51 -29 -1.263 -0.713
-50 -29 -1.238 -0.713
-49 -30 -1.213 -0.738
-48 -31 -1.188 -0.763
-47 -32 -1.163 -0.788
-46 -33 -1.138 -0.813
-45 -34 -1.113 -0.838
-44 -35 -1.088 -0.863
-43 -35 -1.063 -0.863
-42 -36 -1.038 -0.888
-42 -35 -1.038 -0.863
-41 -36 -1.013 -0.888
-41 -35 -1.013 -0.863
-40 -36 -0.988 -0.888
-40 -35 -0.988 -0.863
-40 -34 -0.988 -0.838
-39 -35 -0.963 -0.863
-39 -34 -0.963 -0.838
-38 -35 -0.938 -0.863
-38 -34 -0.938 -0.838
-38 -33 -0.938 -0.813
-37 -34 -0.913 -0.838
-37 -33 -0.913 -0.813
-36 -34 -0.888 -0.838
-36 -33 -0.888 -0.813
-35 -33 -0.863 -0.813
-35 -32 -0.863 -0.788
-34 -33 -0.838 -0.813
-34 -32 -0.838 -0.788
-33 -32 -0.813 -0.788
-33 -31 -0.813 -0.763
-32 -32 -0.788 -0.788
-32 -31 -0.788 -0.763
-31 -31 -0.763 -0.763
-31 -30 -0.763 -0.738
-30 -31 -0.738 -0.763
-30 -30 -0.738 -0.738
-29 -30 -0.713 -0.738
-29 -29 -0.713 -0.713
-28 -30 -0.688 -0.738
-28 -29 -0.688 -0.713
-27 -29 -0.663 -0.713
-27 -28 -0.663 -0.688
-26 -29 -0.638 -0.713
-26 -28 -0.638 -0.688
-25 -28 -0.613 -0.688
-25 -27 -0.613 -0.663
-24 -28 -0.588 -0.688
-24 -27 -0.588 -0.663
-23 -27 -0.563 -0.663
-23 -26 -0.563 -0.638
-22 -27 -0.538 -0.663
-22 -26 -0.538 -0.638
-21 -26 -0.513 -0.638
-20 -26 -0.488 -0.638
-20 -25 -0.488 -0.613
-19 -25 -0.463 -0.613
-18 -25 -0.438 -0.613
-18 -24 -0.438 -0.588
-18 -23 -0.438 -0.563
-22 11 -0.538 0.288
-22 12 -0.538 0.313
-22 10 -0.538 0.263
-21 8 -0.513 0.213
-21 7 -0.513 0.188
-21 6 -0.513 0.163
-20 4 -0.488 0.113
-20 3 -0.488 0.088
-19 -1 -0.463 -0.013
-7 21 -0.163 0.538
-5 22 -0.113 0.563
-3 23 -0.063 0.588
-1 24 -0.013 0.613
0 -25 0.013 -0.613
0 25 0.013 0.638
1 25 0.038 0.638
2 -24 0.063 -0.588
4 -23 0.113 -0.563
17 -2 0.438 -0.038
18 -4 0.463 -0.088
19 -6 0.488 -0.138
20 -8 0.513 -0.188
21 -10 0.538 -0.238
21 -9 0.538 -0.213
22 -12 0.563 -0.288
22 -11 0.563 -0.263
-51 -30 -1.263 -0.738
-50 -30 -1.238 -0.738
-49 -31 -1.213 -0.763
-48 -32 -1.188 -0.788
-47 -33 -1.163 -0.813
-46 -34 -1.138 -0.838
-43 -36 -1.063 -0.888
-42 -37 -1.038 -0.913
-41 -37 -1.013 -0.913
-40 -38 -0.988 -0.938
-40 -37 -0.988 -0.913
-39 -38 -0.963 -0.938
-39 -37 -0.963 -0.913
-39 -36 -0.963 -0.888
-38 -37 -0.938 -0.913
-38 -36 -0.938 -0.888
-37 -37 -0.913 -0.913
-37 -36 -0.913 -0.888
-37 -35 -0.913 -0.863
-36 -36 -0.888 -0.888
-36 -35 -0.888 -0.863
-35 -36 -0.863 -0.888
-35 -35 -0.863 -0.863
-35 -34 -0.863 -0.838
-34 -35 -0.838 -0.863
-34 -34 -0.838 -0.838
-33 -35 -0.813 -0.863
-33 -34 -0.813 -0.838
-33 -33 -0.813 -0.813
-32 -34 -0.788 -0.838
-32 -33 -0.788 -0.813
-31 -33 -0.763 -0.813
-31 -32 -0.763 -0.788
-30 -33 -0.738 -0.813
-30 -32 -0.738 -0.788
-29 -32 -0.713 -0.788
-29 -31 -0.713 -0.763
-28 -32 -0.688 -0.788
-28 -31 -0.688 -0.763
-27 -31 -0.663 -0.763
-27 -30 -0.663 -0.738
-26 -31 -0.638 -0.763
-26 -30 -0.638 -0.738
-25 -30 -0.613 -0.738
-25 -29 -0.613 -0.713
-24 -29 -0.588 -0.713
-23 -29 -0.563 -0.713
-23 -28 -0.563 -0.688
-22 -28 -0.538 -0.688
-21 -28 -0.513 -0.688
-21 -27 -0.513 -0.663
-20 -27 -0.488 -0.663
-20 -18 -0.488 -0.438
-19 -26 -0.463 -0.638
-19 -20 -0.463 -0.488
-18 -26 -0.438 -0.638
-18 -22 -0.438 -0.538
-17 -25 -0.413 -0.613
-17 -24 -0.413 -0.588
-17 -23 -0.413 -0.563
-22 9 -0.538 0.238
-22 8 -0.538 0.213
-21 5 -0.513 0.138
-20 2 -0.488 0.063
-4 23 -0.088 0.588
-2 24 -0.038 0.613
-1 25 -0.013 0.638
1 -25 0.038 -0.613
3 -24 0.088 -0.588
6 -22 0.163 -0.538
12 7 0.313 0.188
15 2 0.388 0.063
16 0 0.413 0.013
17 -1 0.438 -0.013
18 -3 0.463 -0.063
19 -5 0.488 -0.113
19 -4 0.488 -0.088
20 -7 0.513 -0.163
20 -6 0.513 -0.138
21 -8 0.538 -0.188
22 -10 0.563 -0.238
22 -9 0.563 -0.213
23 -11 0.588 -0.263
-50 -31 -1.238 -0.763
-49 -32 -1.213 -0.788
-48 -33 -1.188 -0.813
-47 -34 -1.163 -0.838
-45 -35 -1.113 -0.863
-44 -36 -1.088 -0.888
-43 -37 -1.063 -0.913
-41 -38 -1.013 -0.938
-40 -39 -0.988 -0.963
-39 -39 -0.963 -0.963
-38 -40 -0.938 -0.988
-38 -39 -0.938 -0.963
-38 -38 -0.938 -0.938
-37 -39 -0.913 -0.963
-37 -38 -0.913 -0.938
-36 -39 -0.888 -0.963
-36 -38 -0.888 -0.938
-36 -37 -0.888 -0.913
-35 -38 -0.863 -0.938
-35 -37 -0.863 -0.913
-34 -38 -0.838 -0.938
-34 -37 -0.838 -0.913
-34 -36 -0.838 -0.888
-33 -37 -0.813 -0.913
-33 -36 -0.813 -0.888
-32 -36 -0.788 -0.888
-32 -35 -0.788 -0.863
-31 -36 -0.763 -0.888
-31 -35 -0.763 -0.863
-31 -34 -0.763 -0.838
-30 -35 -0.738 -0.863
-30 -34 -0.738 -0.838
-29 -34 -0.713 -0.838
-29 -33 -0.713 -0.813
-28 -34 -0.688 -0.838
-28 -33 -0.688 -0.813
-27 -33 -0.663 -0.813
-27 -32 -0.663 -0.788
-26 -32 -0.638 -0.788
-25 -32 -0.613 -0.788
-25 -31 -0.613 -0.763
-24 -31 -0.588 -0.763
-24 -30 -0.588 -0.738
-23 -31 -0.563 -0.763
-23 -30 -0.563 -0.738
-22 -30 -0.538 -0.738
-22 -29 -0.538 -0.713
-21 -29 -0.513 -0.713
-21 -16 -0.513 -0.388
-20 -29 -0.488 -0.713
-20 -28 -0.488 -0.688
-19 -28 -0.463 -0.688
-19 -27 -0.463 -0.663
-19 -19 -0.463 -0.463
-18 -27 -0.438 -0.663
-18 -21 -0.438 -0.513
-17 -27 -0.413 -0.663
-17 -26 -0.413 -0.638
-16 -26 -0.388 -0.638
-16 -25 -0.388 -0.613
-16 -24 -0.388 -0.588
-23 9 -0.563 0.238
-23 10 -0.563 0.263
-23 8 -0.563 0.213
-22 7 -0.538 0.188
-22 6 -0.538 0.163
-21 4 -0.513 0.113
-21 3 -0.513 0.088
-20 1 -0.488 0.038
-20 0 -0.488 0.013
-19 -2 -0.463 -0.038
-15 -12 -0.363 -0.288
-8 21 -0.188 0.538
-6 22 -0.138 0.563
-5 23 -0.113 0.588
-3 24 -0.063 0.613
-2 25 -0.038 0.638
2 -25 0.063 -0.613
5 -23 0.138 -0.563
8 -21 0.213 -0.513
16 1 0.413 0.038
18 -2 0.463 -0.038
20 -5 0.513 -0.113
21 -7 0.538 -0.163
22 -8 0.563 -0.188
23 -10 0.588 -0.238
23 -9 0.588 -0.213
-48 -34 -1.188 -0.838
-47 -35 -1.163 -0.863
-46 -35 -1.138 -0.863
-45 -36 -1.113 -0.888
-44 -37 -1.088 -0.913
-42 -38 -1.038 -0.938
-41 -39 -1.013 -0.963
-39 -40 -0.963 -0.988
-37 -41 -0.913 -1.013
-37 -40 -0.913 -0.988
-36 -41 -0.888 -1.013
-36 -40 -0.888 -0.988
-35 -41 -0.863 -1.013
-35 -40 -0.863 -0.988
-35 -39 -0.863 -0.963
-34 -40 -0.838 -0.988
-34 -39 -0.838 -0.963
-33 -40 -0.813 -0.988
-33 -39 -0.813 -0.963
-33 -38 -0.813 -0.938
-32 -39 -0.788 -0.963
-32 -38 -0.788 -0.938
-32 -37 -0.788 -0.913
-31 -38 -0.763 -0.938
-31 -37 -0.763 -0.913
-30 -38 -0.738 -0.938
-30 -37 -0.738 -0.913
-30 -36 -0.738 -0.888
-29 -37 -0.713 -0.913
-29 -36 -0.713 -0.888
-29 -35 -0.713 -0.863
-28 -36 -0.688 -0.888
-28 -35 -0.688 -0.863
-27 -35 -0.663 -0.863
-27 -34 -0.663 -0.838
-26 -35 -0.638 -0.863
-26 -34 -0.638 -0.838
-26 -33 -0.638 -0.813
-25 -34 -0.613 -0.838
-25 -33 -0.613 -0.813
-24 -33 -0.588 -0.813
-24 -32 -0.588 -0.788
-23 -33 -0.563 -0.813
-23 -32 -0.563 -0.788
-22 -32 -0.538 -0.788
-22 -31 -0.538 -0.763
-21 -31 -0.513 -0.763
-21 -30 -0.513 -0.738
-20 -31 -0.488 -0.763
-20 -30 -0.488 -0.738
-20 -17 -0.488 -0.413
-19 -30 -0.463 -0.738
-19 -29 -0.463 -0.713
-18 -29 -0.438 -0.713
-18 -28 -0.438 -0.688
-18 -20 -0.438 -0.488
-17 -28 -0.413 -0.688
-17 -22 -0.413 -0.538
-16 -28 -0.388 -0.688
-16 -27 -0.388 -0.663
-16 -23 -0.388 -0.563
-15 -27 -0.363 -0.663
-15 -26 -0.363 -0.638
-15 -25 -0.363 -0.613
-14 -26 -0.338 -0.638
-23 7 -0.563 0.188
-22 5 -0.538 0.138
-21 2 -0.513 0.063
-10 20 -0.238 0.513
-7 22 -0.163 0.563
-6 23 -0.138 0.588
-4 24 -0.088 0.613
-3 25 -0.063 0.638
3 -25 0.088 -0.613
4 -24 0.113 -0.588
7 -22 0.188 -0.538
14 4 0.363 0.113
15 3 0.388 0.088
16 2 0.413 0.063
17 0 0.438 0.013
18 -1 0.463 -0.013
19 -3 0.488 -0.063
19 -2 0.488 -0.038
20 -4 0.513 -0.088
21 -6 0.538 -0.138
21 -5 0.538 -0.113
22 -7 0.563 -0.163
22 -6 0.563 -0.138
23 -8 0.588 -0.188
-46 -36 -1.138 -0.888
-45 -37 -1.113 -0.913
-43 -38 -1.063 -0.938
-42 -39 -1.038 -0.963
-40 -40 -0.988 -0.988
-38 -41 -0.938 -1.013
-36 -42 -0.888 -1.038
-35 -42 -0.863 -1.038
-35 -43 -0.863 -1.063
-34 -43 -0.838 -1.063
-34 -42 -0.838 -1.038
-34 -41 -0.838 -1.013
-33 -42 -0.813 -1.038
-33 -41 -0.813 -1.013
-32 -41 -0.788 -1.013
-32 -40 -0.788 -0.988
-31 -41 -0.763 -1.013
-31 -40 -0.763 -0.988
-31 -39 -0.763 -0.963
-30 -40 -0.738 -0.988
-30 -39 -0.738 -0.963
-29 -39 -0.713 -0.963
-29 -38 -0.713 -0.938
-28 -38 -0.688 -0.938
-28 -37 -0.688 -0.913
-27 -37 -0.663 -0.913
-27 -36 -0.663 -0.888
-26 -37 -0.638 -0.913
-26 -36 -0.638 -0.888
-25 -36 -0.613 -0.888
-25 -35 -0.613 -0.863
-24 -35 -0.588 -0.863
-24 -34 -0.588 -0.838
-23 -34 -0.563 -0.838
-22 -34 -0.538 -0.838
-22 -33 -0.538 -0.813
-21 -33 -0.513 -0.813
-21 -32 -0.513 -0.788
-20 -32 -0.488 -0.788
-19 -31 -0.463 -0.763
-18 -31 -0.438 -0.763
-18 -30 -0.438 -0.738
-17 -30 -0.413 -0.738
-17 -29 -0.413 -0.713
-17 -21 -0.413 -0.513
-16 -29 -0.388 -0.713
-15 -28 -0.363 -0.688
-15 -24 -0.363 -0.588
-14 -27 -0.338 -0.663
-14 -25 -0.338 -0.613
-13 -27 -0.313 -0.663
-24 7 -0.588 0.188
-24 8 -0.588 0.213
-23 6 -0.563 0.163
-23 5 -0.563 0.138
-22 4 -0.538 0.113
-22 3 -0.538 0.088
-21 1 -0.513 0.038
-20 -1 -0.488 -0.013
-19 -3 -0.463 -0.063
-14 -13 -0.338 -0.313
-5 24 -0.113 0.613
-4 25 -0.088 0.638
4 -25 0.113 -0.613
5 -24 0.138 -0.588
6 -23 0.163 -0.563
9 -21 0.238 -0.513
10 -20 0.263 -0.488
13 6 0.338 0.163
17 1 0.438 0.038
18 0 0.463 0.013
20 -3 0.513 -0.063
21 -4 0.538 -0.088
22 -5 0.563 -0.113
23 -7 0.588 -0.163
23 -6 0.588 -0.138
24 -8 0.613 -0.188
24 -7 0.613 -0.163
-45 -38 -1.113 -0.938
-44 -38 -1.088 -0.938
-44 -39 -1.088 -0.963
-43 -39 -1.063 -0.963
-42 -40 -1.038 -0.988
-41 -40 -1.013 -0.988
-40 -41 -0.988 -1.013
-39 -41 -0.963 -1.013
-38 -42 -0.938 -1.038
-37 -42 -0.913 -1.038
-36 -43 -0.888 -1.063
-34 -44 -0.838 -1.088
-33 -44 -0.813 -1.088
-33 -43 -0.813 -1.063
-32 -44 -0.788 -1.088
-32 -43 -0.788 -1.063
-32 -42 -0.788 -1.038
-31 -44 -0.763 -1.088
-31 -43 -0.763 -1.063
-31 -42 -0.763 -1.038
-30 -43 -0.738 -1.063
-30 -42 -0.738 -1.038
-30 -41 -0.738 -1.013
-29 -42 -0.713 -1.038
-29 -41 -0.713 -1.013
-29 -40 -0.713 -0.988
-28 -41 -0.688 -1.013
-28 -40 -0.688 -0.988
-28 -39 -0.688 -0.963
-27 -40 -0.663 -0.988
-27 -39 -0.663 -0.963
-27 -38 -0.663 -0.938
-26 -39 -0.638 -0.963
-26 -38 -0.638 -0.938
-25 -39 -0.613 -0.963
-25 -38 -0.613 -0.938
-25 -37 -0.613 -0.913
-24 -38 -0.588 -0.938
-24 -37 -0.588 -0.913
-24 -36 -0.588 -0.888
-23 -37 -0.563 -0.913
-23 -36 -0.563 -0.888
-23 -35 -0.563 -0.863
-22 -36 -0.538 -0.888
-22 -35 -0.538 -0.863
-21 -35 -0.513 -0.863
-21 -34 -0.513 -0.838
-20 -34 -0.488 -0.838
-20 -33 -0.488 -0.813
-19 -34 -0.463 -0.838
-19 -33 -0.463 -0.813
-19 -32 -0.463 -0.788
-18 -33 -0.438 -0.813
-18 -32 -0.438 -0.788
-17 -32 -0.413 -0.788
-17 -31 -0.413 -0.763
-16 -31 -0.388 -0.763
-16 -30 -0.388 -0.738
-16 -22 -0.388 -0.538
-15 -30 -0.363 -0.738
-15 -29 -0.363 -0.713
-14 -29 -0.338 -0.713
-14 -28 -0.338 -0.688
-13 -28 -0.313 -0.688
-13 -26 -0.313 -0.638
-12 -28 -0.288 -0.688
-12 -27 -0.288 -0.663
-24 6 -0.588 0.163
-23 4 -0.563 0.113
-22 2 -0.538 0.063
-21 0 -0.513 0.013
-20 -2 -0.488 -0.038
-9 21 -0.213 0.538
-8 22 -0.188 0.563
-7 23 -0.163 0.588
-6 24 -0.138 0.613
-5 25 -0.113 0.638
6 -24 0.163 -0.588
7 -23 0.188 -0.563
8 -22 0.213 -0.538
14 5 0.363 0.138
15 4 0.388 0.113
16 3 0.413 0.088
17 2 0.438 0.063
18 1 0.463 0.038
19 -1 0.488 -0.013
20 -2 0.513 -0.038
21 -3 0.538 -0.063
22 -4 0.563 -0.088
23 -5 0.588 -0.113
24 -6 0.613 -0.138
-43 -40 -1.063 -0.988
-42 -41 -1.038 -1.013
-41 -41 -1.013 -1.013
-39 -42 -0.963 -1.038
-37 -43 -0.913 -1.063
-35 -44 -0.863 -1.088
-33 -45 -0.813 -1.113
-32 -45 -0.788 -1.113
-31 -45 -0.763 -1.113
-31 -46 -0.763 -1.138
-30 -46 -0.738 -1.138
-30 -45 -0.738 -1.113
-30 -44 -0.738 -1.088
-29 -45 -0.713 -1.113
-29 -44 -0.713 -1.088
-29 -43 -0.713 -1.063
-28 -44 -0.688 -1.088
-28 -43 -0.688 -1.063
-28 -42 -0.688 -1.038
-27 -43 -0.663 -1.063
-27 -42 -0.663 -1.038
-27 -41 -0.663 -1.013
-26 -42 -0.638 -1.038
-26 -41 -0.638 -1.013
-26 -40 -0.638 -0.988
-25 -41 -0.613 -1.013
-25 -40 -0.613 -0.988
-24 -40 -0.588 -0.988
-24 -39 -0.588 -0.963
-23 -40 -0.563 -0.988
-23 -39 -0.563 -0.963
-23 -38 -0.563 -0.938
-22 -39 -0.538 -0.963
-22 -38 -0.538 -0.938
-22 -37 -0.538 -0.913
-21 -38 -0.513 -0.938
-21 -37 -0.513 -0.913
-21 -36 -0.513 -0.888
-20 -37 -0.488 -0.913
-20 -36 -0.488 -0.888
-20 -35 -0.488 -0.863
-19 -36 -0.463 -0.888
-19 -35 -0.463 -0.863
-19 -18 -0.463 -0.438
-18 -35 -0.438 -0.863
-18 -34 -0.438 -0.838
-18 -19 -0.438 -0.463
-17 -34 -0.413 -0.838
-17 -33 -0.413 -0.813
-16 -33 -0.388 -0.813
-16 -32 -0.388 -0.788
-15 -32 -0.363 -0.788
-15 -31 -0.363 -0.763
-15 -23 -0.363 -0.563
-14 -31 -0.338 -0.763
-14 -30 -0.338 -0.738
-14 -24 -0.338 -0.588
-13 -30 -0.313 -0.738
-13 -29 -0.313 -0.713
-13 -25 -0.313 -0.613
-12 -29 -0.288 -0.713
-12 -26 -0.288 -0.638
-11 -29 -0.263 -0.713
-11 -28 -0.263 -0.688
-11 -27 -0.263 -0.663
-24 5 -0.588 0.138
-24 4 -0.588 0.113
-23 3 -0.563 0.088
-23 2 -0.563 0.063
-22 1 -0.538 0.038
-21 -1 -0.513 -0.013
-20 -3 -0.488 -0.063
-19 -4 -0.463 -0.088
-18 -6 -0.438 -0.138
19 0 0.488 0.013
20 -1 0.513 -0.013
21 -2 0.538 -0.038
22 -3 0.563 -0.063
23 -4 0.588 -0.088
24 -5 0.613 -0.113
-41 -42 -1.013 -1.038
-40 -42 -0.988 -1.038
-40 -43 -0.988 -1.063
-39 -43 -0.963 -1.063
-38 -43 -0.938 -1.063
-37 -44 -0.913 -1.088
-36 -44 -0.888 -1.088
-35 -45 -0.863 -1.113
-34 -45 -0.838 -1.113
-32 -46 -0.788 -1.138
-30 -47 -0.738 -1.163
-29 -47 -0.713 -1.163
-29 -46 -0.713 -1.138
-28 -47 -0.688 -1.163
-28 -46 -0.688 -1.138
-28 -45 -0.688 -1.113
-27 -46 -0.663 -1.138
-27 -45 -0.663 -1.113
-27 -44 -0.663 -1.088
-26 -45 -0.638 -1.113
-26 -44 -0.638 -1.088
-26 -43 -0.638 -1.063
-25 -44 -0.613 -1.088
-25 -43 -0.613 -1.063
-25 -42 -0.613 -1.038
-24 -43 -0.588 -1.063
-24 -42 -0.588 -1.038
-24 -41 -0.588 -1.013
-23 -42 -0.563 -1.038
-23 -41 -0.563 -1.013
-22 -41 -0.538 -1.013
-22 -40 -0.538 -0.988
-21 -40 -0.513 -0.988
-21 -39 -0.513 -0.963
-20 -39 -0.488 -0.963
-20 -38 -0.488 -0.938
-19 -38 -0.463 -0.938
-19 -37 -0.463 -0.913
-18 -37 -0.438 -0.913
-18 -36 -0.438 -0.888
-17 -36 -0.413 -0.888
-17 -35 -0.413 -0.863
-16 -35 -0.388 -0.863
-16 -34 -0.388 -0.838
-15 -34 -0.363 -0.838
-15 -33 -0.363 -0.813
-14 -33 -0.338 -0.813
-14 -32 -0.338 -0.788
-13 -32 -0.313 -0.788
-13 -31 -0.313 -0.763
-12 -31 -0.288 -0.763
-12 -30 -0.288 -0.738
-11 -30 -0.263 -0.738
-10 -29 -0.238 -0.713
-10 -28 -0.238 -0.688
