-24 -6 -0.588 -0.138
-23 -7 -0.563 -0.163
-21 -8 -0.513 -0.188
-20 -9 -0.488 -0.213
-18 14 -0.438 0.363
-17 -11 -0.413 -0.263
-16 19 -0.388 0.488
-14 -13 -0.338 -0.313
7 12 0.188 0.313
12 10 0.313 0.263
15 9 0.388 0.238
16 -20 0.413 -0.488
16 -19 0.413 -0.463
17 -17 0.438 -0.413
17 -16 0.438 -0.388
17 8 0.438 0.213
18 -14 0.463 -0.338
18 8 0.463 0.213
19 7 0.488 0.188
20 -9 0.513 -0.213
20 7 0.513 0.188
22 6 0.563 0.163
23 6 0.588 0.163
24 5 0.613 0.138
-20 -55 -0.488 -1.363
-19 -55 -0.463 -1.363
-18 -55 -0.438 -1.363
-17 -55 -0.413 -1.363
-16 -55 -0.388 -1.363
-15 -55 -0.363 -1.363
-14 -55 -0.338 -1.363
-13 -55 -0.313 -1.363
-12 -55 -0.288 -1.363
-11 -55 -0.263 -1.363
-10 -55 -0.238 -1.363
-9 -55 -0.213 -1.363
-8 -55 -0.188 -1.363
-7 -55 -0.163 -1.363
-7 -54 -0.163 -1.338
-6 -55 -0.138 -1.363
-6 -54 -0.138 -1.338
-6 -53 -0.138 -1.313
-6 -52 -0.138 -1.288
-6 -51 -0.138 -1.263
-5 -53 -0.113 -1.313
-5 -52 -0.113 -1.288
-5 -51 -0.113 -1.263
-5 -50 -0.113 -1.238
-5 -49 -0.113 -1.213
-4 -50 -0.088 -1.238
-4 -49 -0.088 -1.213
-4 -48 -0.088 -1.188
-4 -47 -0.088 -1.163
-3 -48 -0.063 -1.188
-3 -47 -0.063 -1.163
-3 -46 -0.063 -1.138
-3 -45 -0.063 -1.113
-3 -44 -0.063 -1.088
-2 -45 -0.038 -1.113
-2 -44 -0.038 -1.088
-2 -43 -0.038 -1.063
-2 -42 -0.038 -1.038
-1 -42 -0.013 -1.038
-1 -41 -0.013 -1.013
-1 -40 -0.013 -0.988
-1 -39 -0.013 -0.963
0 -39 0.013 -0.963
0 -38 0.013 -0.938
0 -37 0.013 -0.913
0 -28 0.013 -0.688
1 -37 0.038 -0.913
1 -36 0.038 -0.888
1 -35 0.038 -0.863
1 -34 0.038 -0.838
2 -34 0.063 -0.838
2 -33 0.063 -0.813
2 -32 0.063 -0.788
3 -31 0.088 -0.763
3 -30 0.088 -0.738
3 -29 0.088 -0.713
-24 -7 -0.588 -0.163
-22 -8 -0.538 -0.188
-21 -9 -0.513 -0.213
-19 -10 -0.463 -0.238
-18 15 -0.438 0.388
-17 17 -0.413 0.438
-17 18 -0.413 0.463
-16 -12 -0.388 -0.288
10 11 0.263 0.288
13 10 0.338 0.263
16 9 0.413 0.238
17 -19 0.438 -0.463
17 -18 0.438 -0.438
17 9 0.438 0.238
18 -15 0.463 -0.363
19 -12 0.488 -0.288
19 8 0.488 0.213
20 8 0.513 0.213
21 7 0.538 0.188
22 7 0.563 0.188
23 7 0.588 0.188
24 6 0.613 0.163
-18 -56 -0.438 -1.388
-17 -56 -0.413 -1.388
-16 -56 -0.388 -1.388
-15 -56 -0.363 -1.388
-14 -56 -0.338 -1.388
-13 -56 -0.313 -1.388
-12 -56 -0.288 -1.388
-11 -56 -0.263 -1.388
-10 -56 -0.238 -1.388
-5 -55 -0.113 -1.363
-5 -54 -0.113 -1.338
-4 -55 -0.088 -1.363
-4 -54 -0.088 -1.338
-4 -53 -0.088 -1.313
-4 -52 -0.088 -1.288
-4 -51 -0.088 -1.263
-3 -55 -0.063 -1.363
-3 -54 -0.063 -1.338
-3 -53 -0.063 -1.313
-3 -52 -0.063 -1.288
-3 -51 -0.063 -1.263
-3 -50 -0.063 -1.238
-3 -49 -0.063 -1.213
-2 -51 -0.038 -1.263
-2 -50 -0.038 -1.238
-2 -49 -0.038 -1.213
-2 -48 -0.038 -1.188
-2 -47 -0.038 -1.163
-2 -46 -0.038 -1.138
-1 -48 -0.013 -1.188
-1 -47 -0.013 -1.163
-1 -46 -0.013 -1.138
-1 -45 -0.013 -1.113
-1 -44 -0.013 -1.088
-1 -43 -0.013 -1.063
0 -45 0.013 -1.113
0 -44 0.013 -1.088
0 -43 0.013 -1.063
0 -42 0.013 -1.038
0 -41 0.013 -1.013
0 -40 0.013 -0.988
1 -42 0.038 -1.038
1 -41 0.038 -1.013
1 -40 0.038 -0.988
1 -39 0.038 -0.963
1 -38 0.038 -0.938
1 -28 0.038 -0.688
2 -39 0.063 -0.963
2 -38 0.063 -0.938
2 -37 0.063 -0.913
2 -36 0.063 -0.888
2 -35 0.063 -0.863
3 -36 0.088 -0.888
3 -35 0.088 -0.863
3 -34 0.088 -0.838
3 -33 0.088 -0.813
3 -32 0.088 -0.788
4 -32 0.113 -0.788
4 -31 0.113 -0.763
4 -30 0.113 -0.738
4 -29 0.113 -0.713
-23 -8 -0.563 -0.188
-20 9 -0.488 0.238
-19 12 -0.463 0.313
-18 -11 -0.438 -0.263
-18 16 -0.438 0.413
5 13 0.138 0.338
8 12 0.213 0.313
9 12 0.238 0.313
11 11 0.288 0.288
12 11 0.313 0.288
14 10 0.363 0.263
15 10 0.388 0.263
16 10 0.413 0.263
18 -17 0.463 -0.413
18 -16 0.463 -0.388
18 9 0.463 0.238
19 -13 0.488 -0.313
19 9 0.488 0.238
20 9 0.513 0.238
21 8 0.538 0.213
22 8 0.563 0.213
23 8 0.588 0.213
24 7 0.613 0.188
24 8 0.613 0.213
-15 -57 -0.363 -1.413
-14 -57 -0.338 -1.413
-13 -57 -0.313 -1.413
-12 -57 -0.288 -1.413
-9 -56 -0.213 -1.388
-8 -56 -0.188 -1.388
-7 -56 -0.163 -1.388
-6 -56 -0.138 -1.388
-5 -56 -0.113 -1.388
-5 -26 -0.113 -0.638
-2 -55 -0.038 -1.363
-2 -54 -0.038 -1.338
-2 -53 -0.038 -1.313
-2 -52 -0.038 -1.288
-2 -27 -0.038 -0.663
-1 -55 -0.013 -1.363
-1 -54 -0.013 -1.338
-1 -53 -0.013 -1.313
-1 -52 -0.013 -1.288
-1 -51 -0.013 -1.263
-1 -50 -0.013 -1.238
-1 -49 -0.013 -1.213
-1 -27 -0.013 -0.663
0 -53 0.013 -1.313
0 -52 0.013 -1.288
0 -51 0.013 -1.263
0 -50 0.013 -1.238
0 -49 0.013 -1.213
0 -48 0.013 -1.188
0 -47 0.013 -1.163
0 -46 0.013 -1.138
1 -50 0.038 -1.238
1 -49 0.038 -1.213
1 -48 0.038 -1.188
1 -47 0.038 -1.163
1 -46 0.038 -1.138
1 -45 0.038 -1.113
1 -44 0.038 -1.088
1 -43 0.038 -1.063
2 -46 0.063 -1.138
2 -45 0.063 -1.113
2 -44 0.063 -1.088
2 -43 0.063 -1.063
2 -42 0.063 -1.038
2 -41 0.063 -1.013
2 -40 0.063 -0.988
2 -28 0.063 -0.688
3 -42 0.088 -1.038
3 -41 0.088 -1.013
3 -40 0.088 -0.988
3 -39 0.088 -0.963
3 -38 0.088 -0.938
3 -37 0.088 -0.913
3 -28 0.088 -0.688
4 -38 0.113 -0.938
4 -37 0.113 -0.913
4 -36 0.113 -0.888
4 -35 0.113 -0.863
4 -34 0.113 -0.838
4 -33 0.113 -0.813
5 -35 0.138 -0.863
5 -34 0.138 -0.838
5 -33 0.138 -0.813
5 -32 0.138 -0.788
5 -31 0.138 -0.763
5 -30 0.138 -0.738
5 -29 0.138 -0.713
6 -31 0.163 -0.763
6 -30 0.163 -0.738
6 -29 0.163 -0.713
-23 -9 -0.563 -0.213
-22 -9 -0.538 -0.213
-21 -10 -0.513 -0.238
-20 -10 -0.488 -0.238
-20 10 -0.488 0.263
-19 13 -0.463 0.338
-19 -11 -0.463 -0.263
-19 14 -0.463 0.363
-18 17 -0.438 0.438
-18 18 -0.438 0.463
-17 -12 -0.413 -0.288
-15 -13 -0.363 -0.313
-13 -14 -0.313 -0.338
10 12 0.263 0.313
13 11 0.338 0.288
14 11 0.363 0.288
17 10 0.438 0.263
18 10 0.463 0.263
19 -15 0.488 -0.363
19 -14 0.488 -0.338
19 10 0.488 0.263
20 -10 0.513 -0.238
21 9 0.538 0.238
22 9 0.563 0.238
23 9 0.588 0.238
-11 -57 -0.263 -1.413
-10 -57 -0.238 -1.413
-9 -57 -0.213 -1.413
-4 -56 -0.088 -1.388
-4 -26 -0.088 -0.638
-3 -56 -0.063 -1.388
0 -55 0.013 -1.363
0 -54 0.013 -1.338
0 -27 0.013 -0.663
1 -55 0.038 -1.363
1 -54 0.038 -1.338
1 -53 0.038 -1.313
1 -52 0.038 -1.288
1 -51 0.038 -1.263
1 -27 0.038 -0.663
2 -54 0.063 -1.338
2 -53 0.063 -1.313
2 -52 0.063 -1.288
2 -51 0.063 -1.263
2 -50 0.063 -1.238
2 -49 0.063 -1.213
2 -48 0.063 -1.188
2 -47 0.063 -1.163
3 -49 0.088 -1.213
3 -48 0.088 -1.188
3 -47 0.088 -1.163
3 -46 0.088 -1.138
3 -45 0.088 -1.113
3 -44 0.088 -1.088
3 -43 0.088 -1.063
4 -45 0.113 -1.113
4 -44 0.113 -1.088
4 -43 0.113 -1.063
4 -42 0.113 -1.038
4 -41 0.113 -1.013
4 -40 0.113 -0.988
4 -39 0.113 -0.963
4 -28 0.113 -0.688
5 -40 0.138 -0.988
5 -39 0.138 -0.963
5 -38 0.138 -0.938
5 -37 0.138 -0.913
5 -36 0.138 -0.888
5 -28 0.138 -0.688
6 -36 0.163 -0.888
6 -35 0.163 -0.863
6 -34 0.163 -0.838
6 -33 0.163 -0.813
6 -32 0.163 -0.788
7 -31 0.188 -0.763
7 -30 0.188 -0.738
7 -29 0.188 -0.713
-23 -10 -0.563 -0.238
-22 -10 -0.538 -0.238
-21 -11 -0.513 -0.263
-20 -11 -0.488 -0.263
-20 11 -0.488 0.288
-19 15 -0.463 0.388
-19 16 -0.463 0.413
-19 17 -0.463 0.438
-18 -12 -0.438 -0.288
-16 -13 -0.388 -0.313
-14 -14 -0.338 -0.338
-12 -15 -0.288 -0.363
15 11 0.388 0.288
16 11 0.413 0.288
19 -17 0.488 -0.413
19 -16 0.488 -0.388
20 -12 0.513 -0.288
20 -11 0.513 -0.263
20 10 0.513 0.263
21 10 0.538 0.263
22 10 0.563 0.263
-10 -58 -0.238 -1.438
-9 -58 -0.213 -1.438
-8 -58 -0.188 -1.438
-8 -57 -0.188 -1.413
-7 -57 -0.163 -1.413
-6 -57 -0.138 -1.413
-5 -57 -0.113 -1.413
-4 -57 -0.088 -1.413
-2 -56 -0.038 -1.388
-1 -56 -0.013 -1.388
0 -56 0.013 -1.388
1 -56 0.038 -1.388
2 -55 0.063 -1.363
2 -27 0.063 -0.663
3 -55 0.088 -1.363
3 -54 0.088 -1.338
3 -53 0.088 -1.313
3 -52 0.088 -1.288
3 -51 0.088 -1.263
3 -50 0.088 -1.238
4 -55 0.113 -1.363
4 -54 0.113 -1.338
4 -53 0.113 -1.313
4 -52 0.113 -1.288
4 -51 0.113 -1.263
4 -50 0.113 -1.238
4 -49 0.113 -1.213
4 -48 0.113 -1.188
4 -47 0.113 -1.163
4 -46 0.113 -1.138
5 -51 0.138 -1.263
5 -50 0.138 -1.238
5 -49 0.138 -1.213
5 -48 0.138 -1.188
5 -47 0.138 -1.163
5 -46 0.138 -1.138
5 -45 0.138 -1.113
5 -44 0.138 -1.088
5 -43 0.138 -1.063
5 -42 0.138 -1.038
5 -41 0.138 -1.013
6 -46 0.163 -1.138
6 -45 0.163 -1.113
6 -44 0.163 -1.088
6 -43 0.163 -1.063
6 -42 0.163 -1.038
6 -41 0.163 -1.013
6 -40 0.163 -0.988
6 -39 0.163 -0.963
6 -38 0.163 -0.938
6 -37 0.163 -0.913
6 -28 0.163 -0.688
7 -40 0.188 -0.988
7 -39 0.188 -0.963
7 -38 0.188 -0.938
7 -37 0.188 -0.913
7 -36 0.188 -0.888
7 -35 0.188 -0.863
7 -34 0.188 -0.838
7 -33 0.188 -0.813
7 -32 0.188 -0.788
7 -28 0.188 -0.688
8 -34 0.213 -0.838
8 -33 0.213 -0.813
8 -32 0.213 -0.788
8 -31 0.213 -0.763
8 -30 0.213 -0.738
8 -29 0.213 -0.713
9 -29 0.238 -0.713
-22 -11 -0.538 -0.263
-21 7 -0.513 0.188
-20 12 -0.488 0.313
-20 -12 -0.488 -0.288
-20 13 -0.488 0.338
-20 14 -0.488 0.363
-20 15 -0.488 0.388
-19 -12 -0.463 -0.288
-17 -13 -0.413 -0.313
-15 -14 -0.363 -0.338
-10 -16 -0.238 -0.388
6 13 0.163 0.338
11 12 0.288 0.313
12 12 0.313 0.313
13 12 0.338 0.313
14 12 0.363 0.313
17 11 0.438 0.288
18 11 0.463 0.288
19 11 0.488 0.288
20 -14 0.513 -0.338
20 -13 0.513 -0.313
20 11 0.513 0.288
21 -7 0.538 -0.163
21 11 0.538 0.288
22 11 0.563 0.288
23 10 0.588 0.263
-7 -58 -0.163 -1.438
-6 -58 -0.138 -1.438
-5 -58 -0.113 -1.438
-3 -57 -0.063 -1.413
-2 -57 -0.038 -1.413
-1 -57 -0.013 -1.413
2 -56 0.063 -1.388
3 -27 0.088 -0.663
4 -27 0.113 -0.663
5 -55 0.138 -1.363
5 -54 0.138 -1.338
5 -53 0.138 -1.313
5 -52 0.138 -1.288
6 -55 0.163 -1.363
6 -54 0.163 -1.338
6 -53 0.163 -1.313
6 -52 0.163 -1.288
6 -51 0.163 -1.263
6 -50 0.163 -1.238
6 -49 0.163 -1.213
6 -48 0.163 -1.188
6 -47 0.163 -1.163
7 -51 0.188 -1.263
7 -50 0.188 -1.238
7 -49 0.188 -1.213
7 -48 0.188 -1.188
7 -47 0.188 -1.163
7 -46 0.188 -1.138
7 -45 0.188 -1.113
7 -44 0.188 -1.088
7 -43 0.188 -1.063
7 -42 0.188 -1.038
7 -41 0.188 -1.013
8 -44 0.213 -1.088
8 -43 0.213 -1.063
8 -42 0.213 -1.038
8 -41 0.213 -1.013
8 -40 0.213 -0.988
8 -39 0.213 -0.963
8 -38 0.213 -0.938
8 -37 0.213 -0.913
8 -36 0.213 -0.888
8 -35 0.213 -0.863
8 -28 0.213 -0.688
9 -36 0.238 -0.888
9 -35 0.238 -0.863
9 -34 0.238 -0.838
9 -33 0.238 -0.813
9 -32 0.238 -0.788
9 -31 0.238 -0.763
9 -30 0.238 -0.738
9 -28 0.238 -0.688
10 -28 0.263 -0.688
-21 -12 -0.513 -0.288
-18 -13 -0.438 -0.313
-16 -14 -0.388 -0.338
-13 -15 -0.313 -0.363
7 13 0.188 0.338
8 13 0.213 0.338
9 13 0.238 0.338
10 13 0.263 0.338
15 12 0.388 0.313
16 12 0.413 0.313
17 12 0.438 0.313
18 12 0.463 0.313
19 12 0.488 0.313
20 -15 0.513 -0.363
20 12 0.513 0.313
21 -11 0.538 -0.263
21 -10 0.538 -0.238
21 -9 0.538 -0.213
21 -8 0.538 -0.188
21 12 0.538 0.313
-4 -58 -0.088 -1.438
-3 -58 -0.063 -1.438
-2 -58 -0.038 -1.438
0 -57 0.013 -1.413
1 -57 0.038 -1.413
3 -56 0.088 -1.388
4 -56 0.113 -1.388
5 -56 0.138 -1.388
5 -27 0.138 -0.663
6 -27 0.163 -0.663
7 -55 0.188 -1.363
7 -54 0.188 -1.338
7 -53 0.188 -1.313
7 -52 0.188 -1.288
8 -55 0.213 -1.363
8 -54 0.213 -1.338
8 -53 0.213 -1.313
8 -52 0.213 -1.288
8 -51 0.213 -1.263
8 -50 0.213 -1.238
8 -49 0.213 -1.213
8 -48 0.213 -1.188
8 -47 0.213 -1.163
8 -46 0.213 -1.138
8 -45 0.213 -1.113
9 -54 0.238 -1.338
9 -53 0.238 -1.313
9 -52 0.238 -1.288
9 -51 0.238 -1.263
9 -50 0.238 -1.238
9 -49 0.238 -1.213
9 -48 0.238 -1.188
9 -47 0.238 -1.163
9 -46 0.238 -1.138
9 -45 0.238 -1.113
9 -44 0.238 -1.088
9 -43 0.238 -1.063
9 -42 0.238 -1.038
9 -41 0.238 -1.013
9 -40 0.238 -0.988
9 -39 0.238 -0.963
9 -38 0.238 -0.938
9 -37 0.238 -0.913
10 -43 0.263 -1.063
10 -42 0.263 -1.038
10 -41 0.263 -1.013
10 -40 0.263 -0.988
10 -39 0.263 -0.963
10 -38 0.263 -0.938
10 -37 0.263 -0.913
10 -36 0.263 -0.888
10 -35 0.263 -0.863
10 -34 0.263 -0.838
10 -33 0.263 -0.813
10 -32 0.263 -0.788
10 -31 0.263 -0.763
10 -30 0.263 -0.738
10 -29 0.263 -0.713
11 -32 0.288 -0.788
11 -31 0.288 -0.763
11 -30 0.288 -0.738
11 -29 0.288 -0.713
11 -28 0.288 -0.688
-22 -12 -0.538 -0.288
-21 8 -0.513 0.213
-21 9 -0.513 0.238
-21 10 -0.513 0.263
-21 -13 -0.513 -0.313
-21 11 -0.513 0.288
-21 12 -0.513 0.313
-21 13 -0.513 0.338
-21 14 -0.513 0.363
-20 -13 -0.488 -0.313
-19 -13 -0.463 -0.313
-17 -14 -0.413 -0.338
-14 -15 -0.338 -0.363
11 13 0.288 0.338
12 13 0.313 0.338
13 13 0.338 0.338
14 13 0.363 0.338
15 13 0.388 0.338
16 13 0.413 0.338
17 13 0.438 0.338
18 13 0.463 0.338
19 13 0.488 0.338
20 13 0.513 0.338
21 -14 0.538 -0.338
21 -13 0.538 -0.313
21 -12 0.538 -0.288
22 12 0.563 0.313
-1 -58 -0.013 -1.438
0 -58 0.013 -1.438
2 -57 0.063 -1.413
3 -57 0.088 -1.413
6 -56 0.163 -1.388
7 -27 0.188 -0.663
8 -27 0.213 -0.663
9 -55 0.238 -1.363
9 -27 0.238 -0.663
10 -54 0.263 -1.338
10 -53 0.263 -1.313
10 -52 0.263 -1.288
10 -51 0.263 -1.263
10 -50 0.263 -1.238
10 -49 0.263 -1.213
10 -48 0.263 -1.188
10 -47 0.263 -1.163
10 -46 0.263 -1.138
10 -45 0.263 -1.113
10 -44 0.263 -1.088
10 -27 0.263 -0.663
11 -54 0.288 -1.338
11 -53 0.288 -1.313
11 -52 0.288 -1.288
11 -51 0.288 -1.263
11 -50 0.288 -1.238
11 -49 0.288 -1.213
11 -48 0.288 -1.188
11 -47 0.288 -1.163
11 -46 0.288 -1.138
11 -45 0.288 -1.113
11 -44 0.288 -1.088
11 -43 0.288 -1.063
11 -42 0.288 -1.038
11 -41 0.288 -1.013
11 -40 0.288 -0.988
11 -39 0.288 -0.963
11 -38 0.288 -0.938
11 -37 0.288 -0.913
11 -36 0.288 -0.888
11 -35 0.288 -0.863
11 -34 0.288 -0.838
11 -33 0.288 -0.813
11 -27 0.288 -0.663
12 -41 0.313 -1.013
12 -40 0.313 -0.988
12 -39 0.313 -0.963
12 -38 0.313 -0.938
12 -37 0.313 -0.913
12 -36 0.313 -0.888
12 -35 0.313 -0.863
12 -34 0.313 -0.838
12 -33 0.313 -0.813
12 -32 0.313 -0.788
12 -31 0.313 -0.763
12 -30 0.313 -0.738
12 -29 0.313 -0.713
12 -28 0.313 -0.688
12 -27 0.313 -0.663
-20 -14 -0.488 -0.338
-19 -14 -0.463 -0.338
-18 -14 -0.438 -0.338
-16 -15 -0.388 -0.363
-15 -15 -0.363 -0.363
-11 -16 -0.263 -0.388
21 13 0.538 0.338
1 -58 0.038 -1.438
2 -58 0.063 -1.438
3 -58 0.088 -1.438
4 -57 0.113 -1.413
5 -57 0.138 -1.413
7 -56 0.188 -1.388
8 -56 0.213 -1.388
10 -55 0.263 -1.363
12 -54 0.313 -1.338
12 -53 0.313 -1.313
12 -52 0.313 -1.288
12 -51 0.313 -1.263
12 -50 0.313 -1.238
12 -49 0.313 -1.213
12 -48 0.313 -1.188
12 -47 0.313 -1.163
12 -46 0.313 -1.138
12 -45 0.313 -1.113
12 -44 0.313 -1.088
12 -43 0.313 -1.063
12 -42 0.313 -1.038
13 -53 0.338 -1.313
13 -52 0.338 -1.288
13 -51 0.338 -1.263
13 -50 0.338 -1.238
13 -49 0.338 -1.213
13 -48 0.338 -1.188
13 -47 0.338 -1.163
13 -46 0.338 -1.138
13 -45 0.338 -1.113
13 -44 0.338 -1.088
13 -43 0.338 -1.063
13 -42 0.338 -1.038
13 -41 0.338 -1.013
13 -40 0.338 -0.988
13 -39 0.338 -0.963
13 -38 0.338 -0.938
13 -37 0.338 -0.913
13 -36 0.338 -0.888
13 -35 0.338 -0.863
13 -34 0.338 -0.838
13 -33 0.338 -0.813
13 -32 0.338 -0.788
13 -31 0.338 -0.763
13 -30 0.338 -0.738
13 -29 0.338 -0.713
13 -28 0.338 -0.688
13 -27 0.338 -0.663
