-6 -25 -0.138 -0.613
-5 -25 -0.113 -0.613
-4 -25 -0.088 -0.613
-3 -24 -0.063 -0.588
-2 -24 -0.038 -0.588
-2 -23 -0.038 -0.563
-1 -23 -0.013 -0.563
0 -22 0.013 -0.538
1 -22 0.038 -0.538
2 -21 0.063 -0.513
3 -21 0.088 -0.513
3 -20 0.088 -0.488
4 -20 0.113 -0.488
5 -19 0.138 -0.463
6 -19 0.163 -0.463
7 -18 0.188 -0.438
8 -17 0.213 -0.413
9 -17 0.238 -0.413
10 -16 0.263 -0.388
11 -16 0.288 -0.388
12 -15 0.313 -0.363
13 -14 0.338 -0.338
14 -14 0.363 -0.338
15 -13 0.388 -0.313
15 -12 0.388 -0.288
16 -11 0.413 -0.263
16 -10 0.413 -0.238
17 -9 0.438 -0.213
18 -8 0.463 -0.188
18 -7 0.463 -0.163
19 -6 0.488 -0.138
19 -5 0.488 -0.113
20 -4 0.513 -0.088
20 -3 0.513 -0.063
21 -3 0.538 -0.063
21 -2 0.538 -0.038
22 -1 0.563 -0.013
22 0 0.563 0.013
23 1 0.588 0.038
23 2 0.588 0.063
24 2 0.613 0.063
24 3 0.613 0.088
25 4 0.638 0.113
25 5 0.638 0.138
29 -48 0.738 -1.188
30 -48 0.763 -1.188
31 -47 0.788 -1.163
32 -47 0.813 -1.163
33 -46 0.838 -1.138
34 -46 0.863 -1.138
35 -45 0.888 -1.113
36 -45 0.913 -1.113
37 -44 0.938 -1.088
38 -44 0.963 -1.088
39 -44 0.988 -1.088
40 -43 1.013 -1.063
41 -43 1.038 -1.063
42 -42 1.063 -1.038
43 -42 1.088 -1.038
43 -41 1.088 -1.013
43 -40 1.088 -0.988
44 -39 1.113 -0.963
44 -38 1.113 -0.938
45 -37 1.138 -0.913
45 -36 1.138 -0.888
45 -35 1.138 -0.863
46 -34 1.163 -0.838
46 -33 1.163 -0.813
47 -32 1.188 -0.788
47 -31 1.188 -0.763
48 -29 1.213 -0.713
-4 -26 -0.088 -0.638
-3 -26 -0.063 -0.638
-3 -25 -0.063 -0.613
-2 -25 -0.038 -0.613
-1 -24 -0.013 -0.588
0 -24 0.013 -0.588
0 -23 0.013 -0.563
1 -23 0.038 -0.563
2 -23 0.063 -0.563
2 -22 0.063 -0.538
3 -22 0.088 -0.538
4 -21 0.113 -0.513
5 -21 0.138 -0.513
5 -20 0.138 -0.488
6 -20 0.163 -0.488
7 -19 0.188 -0.463
8 -19 0.213 -0.463
8 -18 0.213 -0.438
9 -18 0.238 -0.438
10 -17 0.263 -0.413
11 -17 0.288 -0.413
12 -16 0.313 -0.388
13 -15 0.338 -0.363
14 -15 0.363 -0.363
15 -14 0.388 -0.338
15 16 0.388 0.413
16 -13 0.413 -0.313
16 -12 0.413 -0.288
16 15 0.413 0.388
17 -11 0.438 -0.263
17 -10 0.438 -0.238
17 14 0.438 0.363
18 -10 0.463 -0.238
18 -9 0.463 -0.213
18 13 0.463 0.338
19 -8 0.488 -0.188
19 -7 0.488 -0.163
19 12 0.488 0.313
20 -6 0.513 -0.138
20 -5 0.513 -0.113
20 11 0.513 0.288
21 -4 0.538 -0.088
21 10 0.538 0.263
22 -2 0.563 -0.038
22 9 0.563 0.238
23 0 0.588 0.013
23 8 0.588 0.213
24 1 0.613 0.038
24 7 0.613 0.188
25 3 0.638 0.088
25 6 0.638 0.163
26 5 0.663 0.138
30 -10 0.763 -0.238
31 -11 0.788 -0.263
32 -12 0.813 -0.288
32 -11 0.813 -0.263
33 -47 0.838 -1.163
33 -13 0.838 -0.313
33 -12 0.838 -0.288
34 -14 0.863 -0.338
34 -13 0.863 -0.313
35 -46 0.888 -1.138
35 -15 0.888 -0.363
35 -14 0.888 -0.338
36 -16 0.913 -0.388
36 -15 0.913 -0.363
37 -45 0.938 -1.113
37 -17 0.938 -0.413
37 -16 0.938 -0.388
38 -18 0.963 -0.438
38 -17 0.963 -0.413
39 -19 0.988 -0.463
39 -18 0.988 -0.438
40 -20 1.013 -0.488
40 -19 1.013 -0.463
41 -21 1.038 -0.513
41 -20 1.038 -0.488
42 -43 1.063 -1.063
42 -22 1.063 -0.538
42 -21 1.063 -0.513
43 -23 1.088 -0.563
43 -22 1.088 -0.538
44 -42 1.113 -1.038
44 -41 1.113 -1.013
44 -40 1.113 -0.988
44 -24 1.113 -0.588
44 -23 1.113 -0.563
45 -41 1.138 -1.013
45 -40 1.138 -0.988
45 -39 1.138 -0.963
45 -38 1.138 -0.938
45 -25 1.138 -0.613
45 -24 1.138 -0.588
46 -38 1.163 -0.938
46 -37 1.163 -0.913
46 -36 1.163 -0.888
46 -35 1.163 -0.863
46 -26 1.163 -0.638
46 -25 1.163 -0.613
47 -36 1.188 -0.888
47 -35 1.188 -0.863
47 -34 1.188 -0.838
47 -33 1.188 -0.813
47 -27 1.188 -0.663
47 -26 1.188 -0.638
48 -33 1.213 -0.813
48 -32 1.213 -0.788
48 -31 1.213 -0.763
48 -30 1.213 -0.738
48 -28 1.213 -0.688
48 -27 1.213 -0.663
49 -30 1.238 -0.738
49 -29 1.238 -0.713
49 -28 1.238 -0.688
49 -27 1.238 -0.663
-22 -10 -0.538 -0.238
-21 -11 -0.513 -0.263
-2 -26 -0.038 -0.638
-2 -27 -0.038 -0.663
-1 -27 -0.013 -0.663
-1 -26 -0.013 -0.638
-1 -25 -0.013 -0.613
0 -26 0.013 -0.638
0 -25 0.013 -0.613
1 -25 0.038 -0.613
1 -24 0.038 -0.588
2 -25 0.063 -0.613
2 -24 0.063 -0.588
3 -24 0.088 -0.588
3 -23 0.088 -0.563
4 -23 0.113 -0.563
4 -22 0.113 -0.538
5 -22 0.138 -0.538
6 -22 0.163 -0.538
6 -21 0.163 -0.513
7 -21 0.188 -0.513
7 -20 0.188 -0.488
8 -20 0.213 -0.488
9 -19 0.238 -0.463
10 -19 0.263 -0.463
10 -18 0.263 -0.438
11 -18 0.288 -0.438
12 -17 0.313 -0.413
13 -17 0.338 -0.413
13 -16 0.338 -0.388
14 -16 0.363 -0.388
15 -15 0.388 -0.363
16 -14 0.413 -0.338
17 -14 0.438 -0.338
17 -13 0.438 -0.313
17 -12 0.438 -0.288
18 -12 0.463 -0.288
18 -11 0.463 -0.263
19 -10 0.488 -0.238
19 -9 0.488 -0.213
20 -8 0.513 -0.188
20 -7 0.513 -0.163
21 -5 0.538 -0.113
22 -3 0.563 -0.063
23 -1 0.588 -0.013
24 8 0.613 0.213
25 7 0.638 0.188
26 6 0.663 0.163
31 -10 0.788 -0.238
31 -9 0.788 -0.213
32 -10 0.813 -0.238
33 -11 0.838 -0.263
33 -10 0.838 -0.238
34 -12 0.863 -0.288
34 -11 0.863 -0.263
35 -13 0.888 -0.313
35 -12 0.888 -0.288
36 -46 0.913 -1.138
36 -14 0.913 -0.338
36 -13 0.913 -0.313
37 -15 0.938 -0.363
37 -14 0.938 -0.338
38 -45 0.963 -1.113
38 -16 0.963 -0.388
38 -15 0.963 -0.363
39 -17 0.988 -0.413
39 -16 0.988 -0.388
40 -44 1.013 -1.088
40 -18 1.013 -0.438
40 -17 1.013 -0.413
40 -16 1.013 -0.388
41 -19 1.038 -0.463
41 -18 1.038 -0.438
41 -17 1.038 -0.413
42 -20 1.063 -0.488
42 -19 1.063 -0.463
42 -18 1.063 -0.438
43 -21 1.088 -0.513
43 -20 1.088 -0.488
43 -19 1.088 -0.463
44 -22 1.113 -0.538
44 -21 1.113 -0.513
44 -20 1.113 -0.488
45 -23 1.138 -0.563
45 -22 1.138 -0.538
45 -21 1.138 -0.513
46 -40 1.163 -0.988
46 -39 1.163 -0.963
46 -24 1.163 -0.588
46 -23 1.163 -0.563
46 -22 1.163 -0.538
47 -40 1.188 -0.988
47 -39 1.188 -0.963
47 -38 1.188 -0.938
47 -37 1.188 -0.913
47 -25 1.188 -0.613
47 -24 1.188 -0.588
47 -23 1.188 -0.563
47 -22 1.188 -0.538
48 -38 1.213 -0.938
48 -37 1.213 -0.913
48 -36 1.213 -0.888
48 -35 1.213 -0.863
48 -34 1.213 -0.838
48 -26 1.213 -0.638
48 -25 1.213 -0.613
48 -24 1.213 -0.588
48 -23 1.213 -0.563
49 -35 1.238 -0.863
49 -34 1.238 -0.838
49 -33 1.238 -0.813
49 -32 1.238 -0.788
49 -31 1.238 -0.763
49 -26 1.238 -0.638
49 -25 1.238 -0.613
49 -24 1.238 -0.588
50 -32 1.263 -0.788
50 -31 1.263 -0.763
50 -30 1.263 -0.738
50 -29 1.263 -0.713
50 -28 1.263 -0.688
50 -27 1.263 -0.663
50 -26 1.263 -0.638
50 -25 1.263 -0.613
51 -28 1.288 -0.688
51 -27 1.288 -0.663
51 -26 1.288 -0.638
-20 -12 -0.488 -0.288
-19 -13 -0.463 -0.313
-18 -14 -0.438 -0.338
0 -27 0.013 -0.663
1 -27 0.038 -0.663
1 -26 0.038 -0.638
2 -27 0.063 -0.663
2 -26 0.063 -0.638
3 -26 0.088 -0.638
3 -25 0.088 -0.613
4 -25 0.113 -0.613
4 -24 0.113 -0.588
5 -24 0.138 -0.588
5 -23 0.138 -0.563
6 -23 0.163 -0.563
7 -23 0.188 -0.563
7 -22 0.188 -0.538
8 -22 0.213 -0.538
8 -21 0.213 -0.513
9 -21 0.238 -0.513
9 -20 0.238 -0.488
10 -20 0.263 -0.488
11 -19 0.288 -0.463
12 -19 0.313 -0.463
12 -18 0.313 -0.438
13 -18 0.338 -0.438
14 -17 0.363 -0.413
15 -16 0.388 -0.388
16 -15 0.413 -0.363
17 -15 0.438 -0.363
18 -14 0.463 -0.338
18 -13 0.463 -0.313
19 -12 0.488 -0.288
19 -11 0.488 -0.263
20 -10 0.513 -0.238
20 -9 0.513 -0.213
21 -8 0.538 -0.188
21 -7 0.538 -0.163
21 -6 0.538 -0.138
21 11 0.538 0.288
22 -5 0.563 -0.113
22 -4 0.563 -0.088
22 10 0.563 0.263
23 -3 0.588 -0.063
23 -2 0.588 -0.038
23 9 0.588 0.238
24 0 0.613 0.013
25 2 0.638 0.063
25 8 0.638 0.213
26 4 0.663 0.113
26 7 0.663 0.188
32 -9 0.813 -0.213
32 -8 0.813 -0.188
33 -9 0.838 -0.213
34 -10 0.863 -0.238
34 -9 0.863 -0.213
35 -11 0.888 -0.263
35 -10 0.888 -0.238
36 -12 0.913 -0.288
36 -11 0.913 -0.263
37 -13 0.938 -0.313
37 -12 0.938 -0.288
38 -14 0.963 -0.338
38 -13 0.963 -0.313
38 -12 0.963 -0.288
39 -45 0.988 -1.113
39 -15 0.988 -0.363
39 -14 0.988 -0.338
39 -13 0.988 -0.313
40 -15 1.013 -0.363
40 -14 1.013 -0.338
41 -16 1.038 -0.388
41 -15 1.038 -0.363
42 -17 1.063 -0.413
42 -16 1.063 -0.388
42 -15 1.063 -0.363
43 -18 1.088 -0.438
43 -17 1.088 -0.413
43 -16 1.088 -0.388
44 -19 1.113 -0.463
44 -18 1.113 -0.438
44 -17 1.113 -0.413
45 -20 1.138 -0.488
45 -19 1.138 -0.463
45 -18 1.138 -0.438
46 -21 1.163 -0.513
46 -20 1.163 -0.488
46 -19 1.163 -0.463
47 -21 1.188 -0.513
47 -20 1.188 -0.488
47 -19 1.188 -0.463
48 -39 1.213 -0.963
48 -22 1.213 -0.538
48 -21 1.213 -0.513
48 -20 1.213 -0.488
49 -39 1.238 -0.963
49 -38 1.238 -0.938
49 -37 1.238 -0.913
49 -36 1.238 -0.888
49 -23 1.238 -0.563
49 -22 1.238 -0.538
49 -21 1.238 -0.513
50 -38 1.263 -0.938
50 -37 1.263 -0.913
50 -36 1.263 -0.888
50 -35 1.263 -0.863
50 -34 1.263 -0.838
50 -33 1.263 -0.813
50 -24 1.263 -0.588
50 -23 1.263 -0.563
50 -22 1.263 -0.538
51 -35 1.288 -0.863
51 -34 1.288 -0.838
51 -33 1.288 -0.813
51 -32 1.288 -0.788
51 -31 1.288 -0.763
51 -30 1.288 -0.738
51 -29 1.288 -0.713
51 -25 1.288 -0.613
51 -24 1.288 -0.588
51 -23 1.288 -0.563
51 -22 1.288 -0.538
52 -31 1.313 -0.763
52 -30 1.313 -0.738
52 -29 1.313 -0.713
52 -28 1.313 -0.688
52 -27 1.313 -0.663
52 -26 1.313 -0.638
52 -25 1.313 -0.613
52 -24 1.313 -0.588
52 -23 1.313 -0.563
53 -28 1.338 -0.688
53 -27 1.338 -0.663
53 -26 1.338 -0.638
53 -25 1.338 -0.613
53 -24 1.338 -0.588
-19 -14 -0.463 -0.338
-17 -15 -0.413 -0.363
-16 -16 -0.388 -0.388
2 -28 0.063 -0.688
3 -28 0.088 -0.688
3 -27 0.088 -0.663
4 -27 0.113 -0.663
4 -26 0.113 -0.638
5 -26 0.138 -0.638
5 -25 0.138 -0.613
6 -25 0.163 -0.613
6 -24 0.163 -0.588
7 -24 0.188 -0.588
8 -24 0.213 -0.588
8 -23 0.213 -0.563
9 -23 0.238 -0.563
9 -22 0.238 -0.538
10 -22 0.263 -0.538
10 -21 0.263 -0.513
11 -21 0.288 -0.513
11 -20 0.288 -0.488
12 -20 0.313 -0.488
13 -19 0.338 -0.463
14 -18 0.363 -0.438
15 -17 0.388 -0.413
16 -16 0.413 -0.388
18 -15 0.463 -0.363
19 -14 0.488 -0.338
19 -13 0.488 -0.313
20 -12 0.513 -0.288
20 -11 0.513 -0.263
20 12 0.513 0.313
21 -9 0.538 -0.213
22 -6 0.563 -0.138
23 -4 0.588 -0.088
23 10 0.588 0.263
24 -1 0.613 -0.013
24 9 0.613 0.238
33 -8 0.838 -0.188
33 -7 0.838 -0.163
34 -8 0.863 -0.188
35 -9 0.888 -0.213
35 -8 0.888 -0.188
36 -10 0.913 -0.238
36 -9 0.913 -0.213
37 -11 0.938 -0.263
37 -10 0.938 -0.238
38 -11 0.963 -0.263
38 -10 0.963 -0.238
39 -12 0.988 -0.288
39 -11 0.988 -0.263
40 -13 1.013 -0.313
40 -12 1.013 -0.288
41 -44 1.038 -1.088
41 -14 1.038 -0.338
41 -13 1.038 -0.313
41 -12 1.038 -0.288
42 -14 1.063 -0.338
42 -13 1.063 -0.313
43 -15 1.088 -0.363
43 -14 1.088 -0.338
44 -16 1.113 -0.388
44 -15 1.113 -0.363
44 -14 1.113 -0.338
45 -17 1.138 -0.413
45 -16 1.138 -0.388
45 -15 1.138 -0.363
46 -18 1.163 -0.438
46 -17 1.163 -0.413
46 -16 1.163 -0.388
47 -18 1.188 -0.438
47 -17 1.188 -0.413
48 -19 1.213 -0.463
48 -18 1.213 -0.438
48 -17 1.213 -0.413
49 -20 1.238 -0.488
49 -19 1.238 -0.463
49 -18 1.238 -0.438
50 -21 1.263 -0.513
50 -20 1.263 -0.488
50 -19 1.263 -0.463
51 -37 1.288 -0.913
51 -36 1.288 -0.888
51 -21 1.288 -0.513
51 -20 1.288 -0.488
51 -19 1.288 -0.463
52 -36 1.313 -0.888
52 -35 1.313 -0.863
52 -34 1.313 -0.838
52 -33 1.313 -0.813
52 -32 1.313 -0.788
52 -22 1.313 -0.538
52 -21 1.313 -0.513
52 -20 1.313 -0.488
53 -34 1.338 -0.838
53 -33 1.338 -0.813
53 -32 1.338 -0.788
53 -31 1.338 -0.763
53 -30 1.338 -0.738
53 -29 1.338 -0.713
53 -23 1.338 -0.563
53 -22 1.338 -0.538
53 -21 1.338 -0.513
54 -30 1.363 -0.738
54 -29 1.363 -0.713
54 -28 1.363 -0.688
54 -27 1.363 -0.663
54 -26 1.363 -0.638
54 -25 1.363 -0.613
54 -24 1.363 -0.588
54 -23 1.363 -0.563
54 -22 1.363 -0.538
54 -21 1.363 -0.513
55 -25 1.388 -0.613
55 -24 1.388 -0.588
55 -23 1.388 -0.563
55 -22 1.388 -0.538
-18 -15 -0.438 -0.363
-17 -16 -0.413 -0.388
-15 -17 -0.363 -0.413
-14 -18 -0.338 -0.438
4 -28 0.113 -0.688
4 -29 0.113 -0.713
5 -29 0.138 -0.713
5 -28 0.138 -0.688
5 -27 0.138 -0.663
6 -28 0.163 -0.688
6 -27 0.163 -0.663
6 -26 0.163 -0.638
7 -27 0.188 -0.663
7 -26 0.188 -0.638
7 -25 0.188 -0.613
8 -26 0.213 -0.638
8 -25 0.213 -0.613
9 -25 0.238 -0.613
9 -24 0.238 -0.588
10 -24 0.263 -0.588
10 -23 0.263 -0.563
11 -23 0.288 -0.563
11 -22 0.288 -0.538
12 -22 0.313 -0.538
12 -21 0.313 -0.513
13 -21 0.338 -0.513
13 -20 0.338 -0.488
14 -20 0.363 -0.488
14 -19 0.363 -0.463
15 -19 0.388 -0.463
15 -18 0.388 -0.438
16 -18 0.413 -0.438
16 -17 0.413 -0.413
17 -17 0.438 -0.413
17 -16 0.438 -0.388
18 -16 0.463 -0.388
19 -15 0.488 -0.363
19 13 0.488 0.338
20 -14 0.513 -0.338
20 -13 0.513 -0.313
21 -13 0.538 -0.313
21 -12 0.538 -0.288
21 -11 0.538 -0.263
21 -10 0.538 -0.238
22 -10 0.563 -0.238
22 -9 0.563 -0.213
22 -8 0.563 -0.188
22 -7 0.563 -0.163
22 11 0.563 0.288
23 -7 0.588 -0.163
23 -6 0.588 -0.138
23 -5 0.588 -0.113
24 -4 0.613 -0.088
24 -3 0.613 -0.063
24 -2 0.613 -0.038
24 10 0.613 0.263
25 -1 0.638 -0.013
25 0 0.638 0.013
25 1 0.638 0.038
25 9 0.638 0.238
26 3 0.663 0.088
26 8 0.663 0.213
27 6 0.688 0.163
27 7 0.688 0.188
27 8 0.688 0.213
34 -7 0.863 -0.163
34 -6 0.863 -0.138
35 -7 0.888 -0.163
36 -8 0.913 -0.188
36 -7 0.913 -0.163
37 -9 0.938 -0.213
37 -8 0.938 -0.188
38 -9 0.963 -0.213
39 -10 0.988 -0.238
39 -9 0.988 -0.213
40 -11 1.013 -0.263
40 -10 1.013 -0.238
41 -11 1.038 -0.263
41 -10 1.038 -0.238
42 -12 1.063 -0.288
42 -11 1.063 -0.263
43 -43 1.088 -1.063
43 -13 1.088 -0.313
43 -12 1.088 -0.288
44 -13 1.113 -0.313
44 -12 1.113 -0.288
45 -14 1.138 -0.338
45 -13 1.138 -0.313
46 -41 1.163 -1.013
46 -15 1.163 -0.363
46 -14 1.163 -0.338
46 -13 1.163 -0.313
47 -16 1.188 -0.388
47 -15 1.188 -0.363
47 -14 1.188 -0.338
48 -16 1.213 -0.388
48 -15 1.213 -0.363
49 -17 1.238 -0.413
49 -16 1.238 -0.388
49 -15 1.238 -0.363
50 -18 1.263 -0.438
50 -17 1.263 -0.413
50 -16 1.263 -0.388
51 -18 1.288 -0.438
51 -17 1.288 -0.413
52 -19 1.313 -0.463
52 -18 1.313 -0.438
52 -17 1.313 -0.413
53 -35 1.338 -0.863
53 -20 1.338 -0.488
53 -19 1.338 -0.463
53 -18 1.338 -0.438
54 -35 1.363 -0.863
54 -34 1.363 -0.838
54 -33 1.363 -0.813
54 -32 1.363 -0.788
54 -31 1.363 -0.763
54 -20 1.363 -0.488
54 -19 1.363 -0.463
54 -18 1.363 -0.438
55 -34 1.388 -0.838
55 -33 1.388 -0.813
55 -32 1.388 -0.788
55 -31 1.388 -0.763
55 -30 1.388 -0.738
55 -29 1.388 -0.713
55 -28 1.388 -0.688
55 -27 1.388 -0.663
55 -26 1.388 -0.638
55 -21 1.388 -0.513
55 -20 1.388 -0.488
55 -19 1.388 -0.463
56 -27 1.413 -0.663
56 -26 1.413 -0.638
56 -25 1.413 -0.613
56 -24 1.413 -0.588
56 -23 1.413 -0.563
56 -22 1.413 -0.538
56 -21 1.413 -0.513
56 -20 1.413 -0.488
57 -21 1.438 -0.513
57 -20 1.438 -0.488
-16 -17 -0.388 -0.413
-13 -19 -0.313 -0.463
6 -29 0.163 -0.713
7 -29 0.188 -0.713
7 -28 0.188 -0.688
8 -28 0.213 -0.688
8 -27 0.213 -0.663
9 -27 0.238 -0.663
9 -26 0.238 -0.638
10 -26 0.263 -0.638
10 -25 0.263 -0.613
11 -25 0.288 -0.613
11 -24 0.288 -0.588
12 -24 0.313 -0.588
12 -23 0.313 -0.563
13 -23 0.338 -0.563
13 -22 0.338 -0.538
14 -22 0.363 -0.538
14 -21 0.363 -0.513
15 -21 0.388 -0.513
15 -20 0.388 -0.488
16 -20 0.413 -0.488
16 -19 0.413 -0.463
17 -18 0.438 -0.438
18 -17 0.463 -0.413
19 -16 0.488 -0.388
20 -15 0.513 -0.363
21 -14 0.538 -0.338
21 12 0.538 0.313
22 -13 0.563 -0.313
22 -12 0.563 -0.288
22 -11 0.563 -0.263
23 -10 0.588 -0.238
23 -9 0.588 -0.213
23 -8 0.588 -0.188
23 11 0.588 0.288
24 -6 0.613 -0.138
24 -5 0.613 -0.113
25 -2 0.638 -0.038
25 10 0.638 0.263
26 2 0.663 0.063
26 9 0.663 0.238
35 -6 0.888 -0.138
35 -5 0.888 -0.113
36 -6 0.913 -0.138
36 -5 0.913 -0.113
37 -7 0.938 -0.163
37 -6 0.938 -0.138
38 -8 0.963 -0.188
38 -7 0.963 -0.163
39 -8 0.988 -0.188
39 -7 0.988 -0.163
40 -9 1.013 -0.213
40 -8 1.013 -0.188
41 -9 1.038 -0.213
41 -8 1.038 -0.188
42 -10 1.063 -0.238
42 -9 1.063 -0.213
43 -11 1.088 -0.263
43 -10 1.088 -0.238
43 -9 1.088 -0.213
44 -11 1.113 -0.263
44 -10 1.113 -0.238
45 -12 1.138 -0.288
45 -11 1.138 -0.263
45 -10 1.138 -0.238
46 -12 1.163 -0.288
46 -11 1.163 -0.263
47 -41 1.188 -1.013
47 -13 1.188 -0.313
47 -12 1.188 -0.288
47 -11 1.188 -0.263
48 -40 1.213 -0.988
48 -14 1.213 -0.338
48 -13 1.213 -0.313
48 -12 1.213 -0.288
49 -14 1.238 -0.338
49 -13 1.238 -0.313
50 -15 1.263 -0.363
50 -14 1.263 -0.338
50 -13 1.263 -0.313
51 -16 1.288 -0.388
51 -15 1.288 -0.363
51 -14 1.288 -0.338
52 -16 1.313 -0.388
52 -15 1.313 -0.363
52 -14 1.313 -0.338
53 -17 1.338 -0.413
53 -16 1.338 -0.388
53 -15 1.338 -0.363
54 -17 1.363 -0.413
54 -16 1.363 -0.388
54 -15 1.363 -0.363
55 -18 1.388 -0.438
55 -17 1.388 -0.413
55 -16 1.388 -0.388
56 -33 1.413 -0.813
56 -32 1.413 -0.788
56 -31 1.413 -0.763
56 -30 1.413 -0.738
56 -29 1.413 -0.713
56 -28 1.413 -0.688
56 -19 1.413 -0.463
56 -18 1.413 -0.438
56 -17 1.413 -0.413
56 -16 1.413 -0.388
57 -32 1.438 -0.788
57 -31 1.438 -0.763
57 -30 1.438 -0.738
57 -29 1.438 -0.713
57 -28 1.438 -0.688
57 -27 1.438 -0.663
57 -26 1.438 -0.638
57 -25 1.438 -0.613
57 -24 1.438 -0.588
57 -23 1.438 -0.563
57 -22 1.438 -0.538
57 -19 1.438 -0.463
57 -18 1.438 -0.438
57 -17 1.438 -0.413
58 -27 1.463 -0.663
58 -26 1.463 -0.638
58 -25 1.463 -0.613
58 -24 1.463 -0.588
58 -23 1.463 -0.563
58 -22 1.463 -0.538
58 -21 1.463 -0.513
58 -20 1.463 -0.488
58 -19 1.463 -0.463
58 -18 1.463 -0.438
58 -17 1.463 -0.413
-15 -18 -0.363 -0.438
-14 -19 -0.338 -0.463
-12 -20 -0.288 -0.488
8 -29 0.213 -0.713
9 -29 0.238 -0.713
9 -28 0.238 -0.688
10 -27 0.263 -0.663
11 -26 0.288 -0.638
12 -25 0.313 -0.613
13 -24 0.338 -0.588
14 -23 0.363 -0.563
15 -22 0.388 -0.538
16 -21 0.413 -0.513
17 -20 0.438 -0.488
17 -19 0.438 -0.463
18 -19 0.463 -0.463
18 -18 0.463 -0.438
19 -18 0.488 -0.438
19 -17 0.488 -0.413
20 -16 0.513 -0.388
21 -15 0.538 -0.363
22 -14 0.563 -0.338
23 -13 0.588 -0.313
23 -12 0.588 -0.288
23 -11 0.588 -0.263
24 -9 0.613 -0.213
24 -8 0.613 -0.188
24 -7 0.613 -0.163
24 11 0.613 0.288
25 -4 0.638 -0.088
25 -3 0.638 -0.063
26 1 0.663 0.038
26 10 0.663 0.263
27 9 0.688 0.238
36 -4 0.913 -0.088
37 -5 0.938 -0.113
37 -4 0.938 -0.088
38 -6 0.963 -0.138
38 -5 0.963 -0.113
39 -6 0.988 -0.138
39 -5 0.988 -0.113
40 -7 1.013 -0.163
40 -6 1.013 -0.138
41 -7 1.038 -0.163
41 -6 1.038 -0.138
42 -8 1.063 -0.188
42 -7 1.063 -0.163
43 -8 1.088 -0.188
43 -7 1.088 -0.163
44 -9 1.113 -0.213
44 -8 1.113 -0.188
45 -9 1.138 -0.213
45 -8 1.138 -0.188
46 -10 1.163 -0.238
46 -9 1.163 -0.213
47 -10 1.188 -0.238
47 -9 1.188 -0.213
48 -11 1.213 -0.263
48 -10 1.213 -0.238
49 -12 1.238 -0.288
49 -11 1.238 -0.263
49 -10 1.238 -0.238
50 -12 1.263 -0.288
50 -11 1.263 -0.263
51 -13 1.288 -0.313
51 -12 1.288 -0.288
51 -11 1.288 -0.263
52 -37 1.313 -0.913
52 -13 1.313 -0.313
52 -12 1.313 -0.288
53 -36 1.338 -0.888
53 -14 1.338 -0.338
53 -13 1.338 -0.313
53 -12 1.338 -0.288
54 -14 1.363 -0.338
54 -13 1.363 -0.313
55 -15 1.388 -0.363
55 -14 1.388 -0.338
55 -13 1.388 -0.313
56 -15 1.413 -0.363
56 -14 1.413 -0.338
57 -16 1.438 -0.388
57 -15 1.438 -0.363
57 -14 1.438 -0.338
58 -31 1.463 -0.763
58 -30 1.463 -0.738
58 -29 1.463 -0.713
58 -28 1.463 -0.688
58 -16 1.463 -0.388
58 -15 1.463 -0.363
59 -30 1.488 -0.738
59 -29 1.488 -0.713
59 -28 1.488 -0.688
59 -27 1.488 -0.663
59 -26 1.488 -0.638
59 -25 1.488 -0.613
59 -24 1.488 -0.588
59 -23 1.488 -0.563
59 -22 1.488 -0.538
59 -21 1.488 -0.513
59 -20 1.488 -0.488
59 -19 1.488 -0.463
59 -18 1.488 -0.438
59 -17 1.488 -0.413
59 -16 1.488 -0.388
59 -15 1.488 -0.363
60 -23 1.513 -0.563
60 -22 1.513 -0.538
60 -21 1.513 -0.513
60 -20 1.513 -0.488
60 -19 1.513 -0.463
60 -18 1.513 -0.438
60 -17 1.513 -0.413
60 -16 1.513 -0.388
60 -15 1.513 -0.363
-13 -20 -0.313 -0.488
-11 -21 -0.263 -0.513
10 -30 0.263 -0.738
20 -17 0.513 -0.413
20 13 0.513 0.338
21 -16 0.538 -0.388
22 -15 0.563 -0.363
22 12 0.563 0.313
23 -14 0.588 -0.338
24 -13 0.613 -0.313
24 -12 0.613 -0.288
24 -11 0.613 -0.263
24 -10 0.613 -0.238
25 -10 0.638 -0.238
25 -9 0.638 -0.213
25 -8 0.638 -0.188
25 -7 0.638 -0.163
25 -6 0.638 -0.138
25 -5 0.638 -0.113
25 11 0.638 0.288
26 -3 0.663 -0.063
26 -2 0.663 -0.038
26 -1 0.663 -0.013
26 0 0.663 0.013
27 4 0.688 0.113
27 5 0.688 0.138
27 10 0.688 0.263
36 -3 0.913 -0.063
37 -3 0.938 -0.063
38 -4 0.963 -0.088
38 -3 0.963 -0.063
39 -4 0.988 -0.088
40 -5 1.013 -0.113
40 -4 1.013 -0.088
41 -5 1.038 -0.113
42 -6 1.063 -0.138
42 -5 1.063 -0.113
43 -6 1.088 -0.138
43 -5 1.088 -0.113
44 -7 1.113 -0.163
44 -6 1.113 -0.138
45 -7 1.138 -0.163
45 -6 1.138 -0.138
46 -8 1.163 -0.188
46 -7 1.163 -0.163
47 -8 1.188 -0.188
47 -7 1.188 -0.163
48 -9 1.213 -0.213
48 -8 1.213 -0.188
48 -7 1.213 -0.163
49 -9 1.238 -0.213
49 -8 1.238 -0.188
50 -10 1.263 -0.238
50 -9 1.263 -0.213
50 -8 1.263 -0.188
51 -10 1.288 -0.238
51 -9 1.288 -0.213
52 -11 1.313 -0.263
52 -10 1.313 -0.238
52 -9 1.313 -0.213
53 -11 1.338 -0.263
53 -10 1.338 -0.238
53 -9 1.338 -0.213
54 -12 1.363 -0.288
54 -11 1.363 -0.263
54 -10 1.363 -0.238
55 -12 1.388 -0.288
55 -11 1.388 -0.263
55 -10 1.388 -0.238
56 -13 1.413 -0.313
56 -12 1.413 -0.288
56 -11 1.413 -0.263
57 -13 1.438 -0.313
57 -12 1.438 -0.288
57 -11 1.438 -0.263
58 -14 1.463 -0.338
58 -13 1.463 -0.313
58 -12 1.463 -0.288
59 -14 1.488 -0.338
59 -13 1.488 -0.313
59 -12 1.488 -0.288
60 -29 1.513 -0.713
60 -28 1.513 -0.688
60 -27 1.513 -0.663
60 -26 1.513 -0.638
60 -25 1.513 -0.613
60 -24 1.513 -0.588
60 -14 1.513 -0.338
60 -13 1.513 -0.313
60 -12 1.513 -0.288
61 -28 1.538 -0.688
61 -27 1.538 -0.663
61 -26 1.538 -0.638
61 -25 1.538 -0.613
61 -24 1.538 -0.588
61 -23 1.538 -0.563
61 -22 1.538 -0.538
61 -21 1.538 -0.513
61 -20 1.538 -0.488
61 -19 1.538 -0.463
61 -18 1.538 -0.438
61 -17 1.538 -0.413
61 -16 1.538 -0.388
61 -15 1.538 -0.363
61 -14 1.538 -0.338
61 -13 1.538 -0.313
