-16 17 -0.388 0.438
-9 20 -0.213 0.513
-4 22 -0.088 0.563
1 24 0.038 0.613
3 25 0.088 0.638
5 24 0.138 0.613
6 22 0.163 0.563
7 19 0.188 0.488
7 20 0.188 0.513
8 17 0.213 0.438
9 15 0.238 0.388
10 12 0.263 0.313
11 10 0.288 0.263
12 7 0.313 0.188
13 5 0.338 0.138
14 3 0.363 0.088
15 0 0.388 0.013
16 -2 0.413 -0.038
17 -5 0.438 -0.113
18 -7 0.463 -0.163
19 -10 0.488 -0.238
19 -9 0.488 -0.213
20 -12 0.513 -0.288
21 -14 0.538 -0.338
5 25 0.138 0.638
6 23 0.163 0.588
8 18 0.213 0.463
9 16 0.238 0.413
10 13 0.263 0.338
11 11 0.288 0.288
12 8 0.313 0.213
13 6 0.338 0.163
15 1 0.388 0.038
16 -1 0.413 -0.013
17 -4 0.438 -0.088
18 -6 0.463 -0.138
20 -11 0.513 -0.263
21 -13 0.538 -0.313
-41 -32 -1.013 -0.788
-34 -29 -0.838 -0.713
-29 -27 -0.713 -0.663
-28 0 -0.688 0.013
-27 -2 -0.663 -0.038
-26 -5 -0.638 -0.113
-25 -7 -0.613 -0.163
-23 -12 -0.563 -0.288
-22 -24 -0.538 -0.588
-22 -14 -0.538 -0.338
-21 -17 -0.513 -0.413
-20 -19 -0.488 -0.463
-19 -22 -0.463 -0.538
-51 -6 -1.263 -0.138
-34 1 -0.838 0.038
-28 1 -0.688 0.038
-27 -1 -0.663 -0.013
-26 -4 -0.638 -0.088
-25 -6 -0.613 -0.138
-24 -9 -0.588 -0.213
-23 -11 -0.563 -0.263
-22 -13 -0.538 -0.313
-21 -16 -0.513 -0.388
-20 -18 -0.488 -0.438
-19 -21 -0.463 -0.513
-14 18 -0.338 0.463
6 24 0.163 0.613
7 21 0.188 0.538
8 19 0.213 0.488
9 17 0.238 0.438
10 14 0.263 0.363
11 12 0.288 0.313
12 9 0.313 0.238
13 7 0.338 0.188
14 4 0.363 0.113
14 5 0.363 0.138
15 2 0.388 0.063
16 0 0.413 0.013
17 -3 0.438 -0.063
18 -5 0.463 -0.113
19 -8 0.488 -0.188
19 -7 0.488 -0.163
20 -10 0.513 -0.238
21 -12 0.538 -0.288
6 25 0.163 0.638
7 22 0.188 0.563
8 20 0.213 0.513
10 15 0.263 0.388
11 13 0.288 0.338
12 10 0.313 0.263
13 8 0.338 0.213
15 3 0.388 0.088
16 1 0.413 0.038
17 -2 0.438 -0.038
18 -4 0.463 -0.088
20 -9 0.513 -0.213
21 -11 0.538 -0.263
22 -14 0.563 -0.338
-28 2 -0.688 0.063
-27 0 -0.663 0.013
-26 -3 -0.638 -0.063
-25 -5 -0.613 -0.113
-24 -8 -0.588 -0.188
-23 -10 -0.563 -0.238
-21 -15 -0.513 -0.363
-20 -17 -0.488 -0.413
-19 -20 -0.463 -0.488
-39 -1 -0.963 -0.013
-29 3 -0.713 0.088
-28 3 -0.688 0.088
-27 1 -0.663 0.038
-26 -2 -0.638 -0.038
-25 -4 -0.613 -0.088
-24 -7 -0.588 -0.163
-23 -9 -0.563 -0.213
-22 -12 -0.538 -0.288
-22 -11 -0.538 -0.263
-21 -14 -0.513 -0.338
-20 -16 -0.488 -0.388
-19 -19 -0.463 -0.463
-18 -22 -0.438 -0.538
-18 -21 -0.438 -0.513
-19 16 -0.463 0.413
-2 23 -0.038 0.588
6 26 0.163 0.663
7 23 0.188 0.588
8 21 0.213 0.538
9 18 0.238 0.463
9 19 0.238 0.488
10 16 0.263 0.413
11 14 0.288 0.363
12 11 0.313 0.288
13 9 0.338 0.238
14 6 0.363 0.163
14 7 0.363 0.188
15 4 0.388 0.113
16 2 0.413 0.063
17 -1 0.438 -0.013
18 -3 0.463 -0.063
19 -6 0.488 -0.138
20 -8 0.513 -0.188
21 -10 0.538 -0.238
22 -13 0.563 -0.313
7 24 0.188 0.613
8 22 0.213 0.563
10 17 0.263 0.438
11 15 0.288 0.388
12 12 0.313 0.313
13 10 0.338 0.263
15 5 0.388 0.138
16 3 0.413 0.088
17 0 0.438 0.013
18 -2 0.463 -0.038
19 -5 0.488 -0.113
20 -7 0.513 -0.163
22 -12 0.563 -0.288
-26 -1 -0.638 -0.013
-25 -3 -0.613 -0.063
-24 -6 -0.588 -0.138
-23 -8 -0.563 -0.188
-21 -13 -0.513 -0.313
-20 -15 -0.488 -0.363
-19 -18 -0.463 -0.438
-18 -20 -0.438 -0.488
-44 -3 -1.088 -0.063
-27 2 -0.663 0.063
-27 3 -0.663 0.088
-26 0 -0.638 0.013
-25 -2 -0.613 -0.038
-24 -5 -0.588 -0.113
-23 -7 -0.563 -0.163
-22 -10 -0.538 -0.238
-22 -9 -0.538 -0.213
-21 -12 -0.513 -0.288
-20 -14 -0.488 -0.338
-19 -17 -0.463 -0.413
-18 -19 -0.438 -0.463
