-5 25 -0.113 0.638
-4 25 -0.088 0.638
-3 24 -0.063 0.613
-2 23 -0.038 0.588
-1 23 -0.013 0.588
0 22 0.013 0.563
1 22 0.038 0.563
2 21 0.063 0.538
3 20 0.088 0.513
4 20 0.113 0.513
5 19 0.138 0.488
6 19 0.163 0.488
7 18 0.188 0.463
8 17 0.213 0.438
8 18 0.213 0.463
9 17 0.238 0.438
10 16 0.263 0.413
11 16 0.288 0.413
12 15 0.313 0.388
13 15 0.338 0.388
14 13 0.363 0.338
14 14 0.363 0.363
15 12 0.388 0.313
16 10 0.413 0.263
16 11 0.413 0.288
17 8 0.438 0.213
17 9 0.438 0.238
18 7 0.463 0.188
19 5 0.488 0.138
19 6 0.488 0.163
20 3 0.513 0.088
20 4 0.513 0.113
21 2 0.538 0.063
22 0 0.563 0.013
22 1 0.563 0.038
23 -2 0.588 -0.038
23 -1 0.588 -0.013
24 -3 0.613 -0.063
25 -5 0.638 -0.113
25 -4 0.638 -0.088
29 48 0.738 1.213
30 47 0.763 1.188
31 47 0.788 1.188
32 47 0.813 1.188
33 46 0.838 1.163
34 46 0.863 1.163
35 45 0.888 1.138
36 45 0.913 1.138
37 45 0.938 1.138
38 44 0.963 1.113
39 44 0.988 1.113
40 43 1.013 1.088
41 43 1.038 1.088
42 42 1.063 1.063
43 40 1.088 1.013
43 41 1.088 1.038
44 37 1.113 0.938
44 38 1.113 0.963
45 35 1.138 0.888
45 36 1.138 0.913
46 33 1.163 0.838
46 34 1.163 0.863
47 30 1.188 0.763
47 31 1.188 0.788
47 32 1.188 0.813
48 29 1.213 0.738
-13 18 -0.313 0.463
-12 19 -0.288 0.488
-11 20 -0.263 0.513
-10 21 -0.238 0.538
-9 22 -0.213 0.563
-8 23 -0.188 0.588
-7 24 -0.163 0.613
-6 25 -0.138 0.638
-5 26 -0.113 0.663
-3 25 -0.063 0.638
-2 24 -0.038 0.613
-1 24 -0.013 0.613
0 23 0.013 0.588
1 23 0.038 0.588
2 22 0.063 0.563
3 21 0.088 0.538
4 21 0.113 0.538
5 20 0.138 0.513
6 20 0.163 0.513
7 19 0.188 0.488
8 -23 0.213 -0.563
8 19 0.213 0.488
9 -22 0.238 -0.538
9 18 0.238 0.463
10 -21 0.263 -0.513
10 17 0.263 0.438
10 18 0.263 0.463
11 -20 0.288 -0.488
11 17 0.288 0.438
12 -19 0.313 -0.463
12 16 0.313 0.413
12 17 0.313 0.438
13 -18 0.338 -0.438
13 16 0.338 0.413
14 -17 0.363 -0.413
14 15 0.363 0.388
15 -16 0.388 -0.388
15 13 0.388 0.338
15 14 0.388 0.363
16 -15 0.413 -0.363
16 12 0.413 0.313
16 13 0.413 0.338
17 10 0.438 0.263
17 11 0.438 0.288
18 8 0.463 0.213
18 9 0.463 0.238
18 10 0.463 0.263
19 7 0.488 0.188
19 8 0.488 0.213
20 5 0.513 0.138
20 6 0.513 0.163
21 3 0.538 0.088
21 4 0.538 0.113
21 5 0.538 0.138
22 2 0.563 0.063
22 3 0.563 0.088
23 0 0.588 0.013
23 1 0.588 0.038
23 2 0.588 0.063
24 -2 0.613 -0.038
24 -1 0.613 -0.013
24 0 0.613 0.013
25 -3 0.638 -0.063
25 -2 0.638 -0.038
25 -1 0.638 -0.013
26 -4 0.663 -0.088
26 -3 0.663 -0.063
10 30 0.263 0.763
11 31 0.288 0.788
12 32 0.313 0.813
13 33 0.338 0.838
14 34 0.363 0.863
15 35 0.388 0.888
15 36 0.388 0.913
16 36 0.413 0.913
16 37 0.413 0.938
17 37 0.438 0.938
17 38 0.438 0.963
18 38 0.463 0.963
18 39 0.463 0.988
19 39 0.488 0.988
19 40 0.488 1.013
20 40 0.513 1.013
20 41 0.513 1.038
21 41 0.538 1.038
21 42 0.538 1.063
22 42 0.563 1.063
22 43 0.563 1.088
23 43 0.588 1.088
23 44 0.588 1.113
24 44 0.613 1.113
24 45 0.613 1.138
25 45 0.638 1.138
25 46 0.638 1.163
26 46 0.663 1.163
26 47 0.663 1.188
27 47 0.688 1.188
27 48 0.688 1.213
28 48 0.713 1.213
28 49 0.713 1.238
29 49 0.738 1.238
30 48 0.763 1.213
30 49 0.763 1.238
31 48 0.788 1.213
31 49 0.788 1.238
32 48 0.813 1.213
33 47 0.838 1.188
33 48 0.838 1.213
34 47 0.863 1.188
35 46 0.888 1.163
35 47 0.888 1.188
36 46 0.913 1.163
36 47 0.913 1.188
37 46 0.938 1.163
38 45 0.963 1.138
38 46 0.963 1.163
39 45 0.988 1.138
40 44 1.013 1.113
40 45 1.013 1.138
41 44 1.038 1.113
41 45 1.038 1.138
42 43 1.063 1.088
42 44 1.063 1.113
43 42 1.088 1.063
44 39 1.113 0.988
44 40 1.113 1.013
45 37 1.138 0.938
45 38 1.138 0.963
46 35 1.163 0.888
46 36 1.163 0.913
47 33 1.188 0.838
47 34 1.188 0.863
48 31 1.213 0.788
-14 17 -0.338 0.438
-8 24 -0.188 0.613
-7 25 -0.163 0.638
-6 26 -0.138 0.663
3 22 0.088 0.563
5 21 0.138 0.538
7 20 0.188 0.513
9 19 0.238 0.488
10 -22 0.263 -0.538
10 19 0.263 0.488
11 -21 0.288 -0.513
11 18 0.288 0.463
12 18 0.313 0.463
13 17 0.338 0.438
14 16 0.363 0.413
14 17 0.363 0.438
15 15 0.388 0.388
16 14 0.413 0.363
17 -14 0.438 -0.338
17 12 0.438 0.313
17 13 0.438 0.338
18 11 0.463 0.288
19 9 0.488 0.238
19 10 0.488 0.263
20 7 0.513 0.188
20 8 0.513 0.213
21 6 0.538 0.163
21 7 0.538 0.188
22 4 0.563 0.113
22 5 0.563 0.138
22 6 0.563 0.163
23 3 0.588 0.088
23 4 0.588 0.113
24 1 0.613 0.038
24 2 0.613 0.063
24 3 0.613 0.088
25 0 0.638 0.013
25 1 0.638 0.038
26 -2 0.663 -0.038
26 -1 0.663 -0.013
26 0 0.663 0.013
27 -2 0.688 -0.038
27 -1 0.688 -0.013
9 31 0.238 0.788
10 31 0.263 0.788
10 32 0.263 0.813
11 32 0.288 0.813
11 33 0.288 0.838
11 34 0.288 0.863
12 33 0.313 0.838
12 34 0.313 0.863
12 35 0.313 0.888
13 34 0.338 0.863
13 35 0.338 0.888
13 36 0.338 0.913
14 35 0.363 0.888
14 36 0.363 0.913
14 37 0.363 0.938
15 37 0.388 0.938
15 38 0.388 0.963
16 38 0.413 0.963
16 39 0.413 0.988
17 39 0.438 0.988
17 40 0.438 1.013
17 41 0.438 1.038
18 40 0.463 1.013
18 41 0.463 1.038
18 42 0.463 1.063
19 41 0.488 1.038
19 42 0.488 1.063
19 43 0.488 1.088
20 42 0.513 1.063
20 43 0.513 1.088
20 44 0.513 1.113
21 43 0.538 1.088
21 44 0.538 1.113
21 45 0.538 1.138
22 44 0.563 1.113
22 45 0.563 1.138
22 46 0.563 1.163
22 47 0.563 1.188
23 45 0.588 1.138
23 46 0.588 1.163
23 47 0.588 1.188
23 48 0.588 1.213
24 46 0.613 1.163
24 47 0.613 1.188
24 48 0.613 1.213
24 49 0.613 1.238
25 47 0.638 1.188
25 48 0.638 1.213
25 49 0.638 1.238
25 50 0.638 1.263
26 48 0.663 1.213
26 49 0.663 1.238
26 50 0.663 1.263
26 51 0.663 1.288
27 49 0.688 1.238
27 50 0.688 1.263
27 51 0.688 1.288
28 50 0.713 1.263
28 51 0.713 1.288
29 50 0.738 1.263
29 51 0.738 1.288
30 50 0.763 1.263
31 50 0.788 1.263
32 49 0.813 1.238
32 50 0.813 1.263
33 49 0.838 1.238
34 48 0.863 1.213
34 49 0.863 1.238
35 48 0.888 1.213
35 49 0.888 1.238
36 48 0.913 1.213
37 47 0.938 1.188
37 48 0.938 1.213
38 47 0.963 1.188
38 48 0.963 1.213
39 46 0.988 1.163
39 47 0.988 1.188
40 46 1.013 1.163
40 47 1.013 1.188
-15 16 -0.363 0.413
-12 20 -0.288 0.513
-11 21 -0.263 0.538
-10 22 -0.238 0.563
-9 23 -0.213 0.588
-8 25 -0.188 0.638
-7 26 -0.163 0.663
-4 26 -0.088 0.663
-2 25 -0.038 0.638
0 24 0.013 0.613
2 23 0.063 0.588
3 23 0.088 0.588
4 22 0.113 0.563
5 22 0.138 0.563
6 21 0.163 0.538
7 21 0.188 0.538
8 20 0.213 0.513
9 20 0.238 0.513
10 20 0.263 0.513
11 19 0.288 0.488
12 -20 0.313 -0.488
12 19 0.313 0.488
13 -19 0.338 -0.463
13 18 0.338 0.463
14 18 0.363 0.463
15 16 0.388 0.413
15 17 0.388 0.438
16 15 0.413 0.388
17 14 0.438 0.363
18 12 0.463 0.313
18 13 0.463 0.338
19 11 0.488 0.288
19 12 0.488 0.313
20 9 0.513 0.238
20 10 0.513 0.263
21 8 0.538 0.213
21 9 0.538 0.238
22 7 0.563 0.188
22 8 0.563 0.213
23 5 0.588 0.138
23 6 0.588 0.163
23 7 0.588 0.188
24 4 0.613 0.113
24 5 0.613 0.138
25 2 0.638 0.063
25 3 0.638 0.088
25 4 0.638 0.113
26 1 0.663 0.038
26 2 0.663 0.063
26 3 0.663 0.088
27 0 0.688 0.013
27 1 0.688 0.038
27 2 0.688 0.063
8 32 0.213 0.813
8 33 0.213 0.838
9 32 0.238 0.813
9 33 0.238 0.838
9 34 0.238 0.863
10 33 0.263 0.838
10 34 0.263 0.863
10 35 0.263 0.888
11 35 0.288 0.888
11 36 0.288 0.913
12 36 0.313 0.913
12 37 0.313 0.938
12 38 0.313 0.963
13 37 0.338 0.938
13 38 0.338 0.963
13 39 0.338 0.988
14 38 0.363 0.963
14 39 0.363 0.988
14 40 0.363 1.013
15 39 0.388 0.988
15 40 0.388 1.013
15 41 0.388 1.038
15 42 0.388 1.063
16 40 0.413 1.013
16 41 0.413 1.038
16 42 0.413 1.063
16 43 0.413 1.088
17 42 0.438 1.063
17 43 0.438 1.088
17 44 0.438 1.113
18 43 0.463 1.088
18 44 0.463 1.113
18 45 0.463 1.138
18 46 0.463 1.163
19 44 0.488 1.113
19 45 0.488 1.138
19 46 0.488 1.163
19 47 0.488 1.188
20 45 0.513 1.138
20 46 0.513 1.163
20 47 0.513 1.188
20 48 0.513 1.213
21 46 0.538 1.163
21 47 0.538 1.188
21 48 0.538 1.213
21 49 0.538 1.238
21 50 0.538 1.263
22 48 0.563 1.213
22 49 0.563 1.238
22 50 0.563 1.263
22 51 0.563 1.288
23 49 0.588 1.238
23 50 0.588 1.263
23 51 0.588 1.288
23 52 0.588 1.313
24 50 0.613 1.263
24 51 0.613 1.288
24 52 0.613 1.313
24 53 0.613 1.338
25 51 0.638 1.288
25 52 0.638 1.313
25 53 0.638 1.338
26 52 0.663 1.313
26 53 0.663 1.338
27 52 0.688 1.313
27 53 0.688 1.338
28 52 0.713 1.313
29 52 0.738 1.313
30 51 0.763 1.288
30 52 0.763 1.313
31 51 0.788 1.288
31 52 0.788 1.313
32 51 0.813 1.288
33 50 0.838 1.263
33 51 0.838 1.288
34 50 0.863 1.263
34 51 0.863 1.288
35 50 0.888 1.263
35 51 0.888 1.288
36 49 0.913 1.238
36 50 0.913 1.263
37 49 0.938 1.238
37 50 0.938 1.263
38 49 0.963 1.238
38 50 0.963 1.263
39 48 0.988 1.213
45 39 1.138 0.988
-9 24 -0.213 0.613
1 24 0.038 0.613
4 23 0.113 0.588
6 22 0.163 0.563
7 22 0.188 0.563
8 21 0.213 0.538
9 21 0.238 0.538
11 20 0.288 0.513
12 20 0.313 0.513
13 19 0.338 0.488
14 -19 0.363 -0.463
14 -18 0.363 -0.438
14 19 0.363 0.488
15 -18 0.388 -0.438
15 -17 0.388 -0.413
15 18 0.388 0.463
16 -16 0.413 -0.388
16 16 0.413 0.413
16 17 0.413 0.438
17 -15 0.438 -0.363
17 15 0.438 0.388
17 16 0.438 0.413
18 -13 0.463 -0.313
18 14 0.463 0.363
19 -12 0.488 -0.288
19 13 0.488 0.338
20 11 0.513 0.288
20 12 0.513 0.313
21 10 0.538 0.263
21 11 0.538 0.288
22 9 0.563 0.238
22 10 0.563 0.263
23 8 0.588 0.213
23 9 0.588 0.238
24 6 0.613 0.163
24 7 0.613 0.188
24 8 0.613 0.213
25 5 0.638 0.138
25 6 0.638 0.163
25 7 0.638 0.188
26 4 0.663 0.113
26 5 0.663 0.138
27 3 0.688 0.088
27 4 0.688 0.113
28 1 0.713 0.038
28 2 0.713 0.063
28 3 0.713 0.088
7 33 0.188 0.838
8 34 0.213 0.863
8 35 0.213 0.888
9 35 0.238 0.888
9 36 0.238 0.913
10 36 0.263 0.913
10 37 0.263 0.938
10 38 0.263 0.963
11 37 0.288 0.938
11 38 0.288 0.963
11 39 0.288 0.988
12 39 0.313 0.988
12 40 0.313 1.013
12 41 0.313 1.038
13 40 0.338 1.013
13 41 0.338 1.038
13 42 0.338 1.063
14 41 0.363 1.038
14 42 0.363 1.063
14 43 0.363 1.088
14 44 0.363 1.113
15 43 0.388 1.088
15 44 0.388 1.113
15 45 0.388 1.138
16 44 0.413 1.113
16 45 0.413 1.138
16 46 0.413 1.163
16 47 0.413 1.188
17 45 0.438 1.138
17 46 0.438 1.163
17 47 0.438 1.188
17 48 0.438 1.213
18 47 0.463 1.188
18 48 0.463 1.213
18 49 0.463 1.238
18 50 0.463 1.263
19 48 0.488 1.213
19 49 0.488 1.238
19 50 0.488 1.263
19 51 0.488 1.288
20 49 0.513 1.238
20 50 0.513 1.263
20 51 0.513 1.288
20 52 0.513 1.313
21 51 0.538 1.288
21 52 0.538 1.313
21 53 0.538 1.338
21 54 0.538 1.363
22 52 0.563 1.313
22 53 0.563 1.338
22 54 0.563 1.363
22 55 0.563 1.388
23 53 0.588 1.338
23 54 0.588 1.363
23 55 0.588 1.388
24 54 0.613 1.363
24 55 0.613 1.388
25 54 0.638 1.363
25 55 0.638 1.388
26 54 0.663 1.363
27 54 0.688 1.363
28 53 0.713 1.338
28 54 0.713 1.363
29 53 0.738 1.338
29 54 0.738 1.363
30 53 0.763 1.338
30 54 0.763 1.363
31 53 0.788 1.338
32 52 0.813 1.313
32 53 0.813 1.338
33 52 0.838 1.313
33 53 0.838 1.338
34 52 0.863 1.313
34 53 0.863 1.338
35 52 0.888 1.313
36 51 0.913 1.288
36 52 0.913 1.313
37 51 0.938 1.288
44 41 1.113 1.038
-13 19 -0.313 0.488
-12 21 -0.288 0.538
-11 22 -0.263 0.563
-10 23 -0.238 0.588
-10 24 -0.238 0.613
-9 25 -0.213 0.638
-8 26 -0.188 0.663
-8 27 -0.188 0.688
-7 27 -0.163 0.688
-6 27 -0.138 0.688
-3 26 -0.063 0.663
-1 25 -0.013 0.638
0 25 0.013 0.638
2 24 0.063 0.613
3 24 0.088 0.613
4 24 0.113 0.613
5 23 0.138 0.588
6 23 0.163 0.588
7 23 0.188 0.588
8 22 0.213 0.563
9 22 0.238 0.563
10 21 0.263 0.538
10 22 0.263 0.563
11 21 0.288 0.538
12 21 0.313 0.538
13 20 0.338 0.513
13 21 0.338 0.538
14 20 0.363 0.513
15 19 0.388 0.488
16 -17 0.413 -0.413
16 18 0.413 0.463
17 17 0.438 0.438
18 15 0.463 0.388
18 16 0.463 0.413
19 14 0.488 0.363
19 15 0.488 0.388
20 13 0.513 0.338
20 14 0.513 0.363
21 12 0.538 0.313
21 13 0.538 0.338
22 11 0.563 0.288
22 12 0.563 0.313
23 10 0.588 0.263
23 11 0.588 0.288
24 9 0.613 0.238
24 10 0.613 0.263
25 8 0.638 0.213
25 9 0.638 0.238
26 6 0.663 0.163
26 7 0.663 0.188
26 8 0.663 0.213
27 5 0.688 0.138
27 6 0.688 0.163
27 7 0.688 0.188
28 4 0.713 0.113
28 5 0.713 0.138
28 6 0.713 0.163
29 5 0.738 0.138
6 34 0.163 0.863
7 34 0.188 0.863
7 35 0.188 0.888
7 36 0.188 0.913
8 36 0.213 0.913
8 37 0.213 0.938
8 38 0.213 0.963
9 37 0.238 0.938
9 38 0.238 0.963
9 39 0.238 0.988
10 39 0.263 0.988
10 40 0.263 1.013
10 41 0.263 1.038
11 40 0.288 1.013
11 41 0.288 1.038
11 42 0.288 1.063
11 43 0.288 1.088
12 42 0.313 1.063
12 43 0.313 1.088
12 44 0.313 1.113
13 43 0.338 1.088
13 44 0.338 1.113
13 45 0.338 1.138
13 46 0.338 1.163
14 45 0.363 1.138
14 46 0.363 1.163
14 47 0.363 1.188
15 46 0.388 1.163
15 47 0.388 1.188
15 48 0.388 1.213
15 49 0.388 1.238
16 48 0.413 1.213
16 49 0.413 1.238
16 50 0.413 1.263
16 51 0.413 1.288
17 49 0.438 1.238
17 50 0.438 1.263
17 51 0.438 1.288
17 52 0.438 1.313
18 51 0.463 1.288
18 52 0.463 1.313
18 53 0.463 1.338
18 54 0.463 1.363
19 52 0.488 1.313
19 53 0.488 1.338
19 54 0.488 1.363
19 55 0.488 1.388
19 56 0.488 1.413
20 53 0.513 1.338
20 54 0.513 1.363
20 55 0.513 1.388
20 56 0.513 1.413
20 57 0.513 1.438
21 55 0.538 1.388
21 56 0.538 1.413
21 57 0.538 1.438
22 56 0.563 1.413
23 56 0.588 1.413
24 56 0.613 1.413
25 56 0.638 1.413
26 55 0.663 1.388
26 56 0.663 1.413
27 55 0.688 1.388
27 56 0.688 1.413
28 55 0.713 1.388
29 55 0.738 1.388
30 55 0.763 1.388
31 54 0.788 1.363
31 55 0.788 1.388
32 54 0.813 1.363
32 55 0.813 1.388
33 54 0.838 1.363
33 55 0.838 1.388
34 54 0.863 1.363
34 55 0.863 1.388
35 53 0.888 1.338
41 46 1.038 1.163
43 43 1.088 1.088
-11 23 -0.263 0.588
-9 26 -0.213 0.663
-2 26 -0.038 0.663
1 25 0.038 0.638
2 25 0.063 0.638
5 24 0.138 0.613
6 24 0.163 0.613
8 23 0.213 0.588
9 23 0.238 0.588
10 23 0.263 0.588
11 22 0.288 0.563
12 22 0.313 0.563
13 22 0.338 0.563
14 21 0.363 0.538
15 20 0.388 0.513
16 19 0.413 0.488
17 -16 0.438 -0.388
17 18 0.438 0.463
18 -15 0.463 -0.363
18 -14 0.463 -0.338
18 17 0.463 0.438
19 -13 0.488 -0.313
19 16 0.488 0.413
19 17 0.488 0.438
20 -11 0.513 -0.263
20 15 0.513 0.388
20 16 0.513 0.413
21 14 0.538 0.363
21 15 0.538 0.388
22 13 0.563 0.338
22 14 0.563 0.363
23 12 0.588 0.313
23 13 0.588 0.338
24 11 0.613 0.288
24 12 0.613 0.313
25 10 0.638 0.263
25 11 0.638 0.288
26 9 0.663 0.238
26 10 0.663 0.263
27 8 0.688 0.213
27 9 0.688 0.238
28 7 0.713 0.188
28 8 0.713 0.213
29 6 0.738 0.163
29 7 0.738 0.188
5 35 0.138 0.888
5 36 0.138 0.913
6 35 0.163 0.888
6 36 0.163 0.913
6 37 0.163 0.938
7 37 0.188 0.938
7 38 0.188 0.963
7 39 0.188 0.988
8 39 0.213 0.988
8 40 0.213 1.013
8 41 0.213 1.038
9 40 0.238 1.013
9 41 0.238 1.038
9 42 0.238 1.063
9 43 0.238 1.088
10 42 0.263 1.063
10 43 0.263 1.088
10 44 0.263 1.113
10 45 0.263 1.138
11 44 0.288 1.113
11 45 0.288 1.138
11 46 0.288 1.163
11 47 0.288 1.188
12 45 0.313 1.138
12 46 0.313 1.163
12 47 0.313 1.188
12 48 0.313 1.213
13 47 0.338 1.188
13 48 0.338 1.213
13 49 0.338 1.238
13 50 0.338 1.263
14 48 0.363 1.213
14 49 0.363 1.238
14 50 0.363 1.263
14 51 0.363 1.288
14 52 0.363 1.313
15 50 0.388 1.263
15 51 0.388 1.288
15 52 0.388 1.313
15 53 0.388 1.338
15 54 0.388 1.363
16 52 0.413 1.313
16 53 0.413 1.338
16 54 0.413 1.363
16 55 0.413 1.388
16 56 0.413 1.413
17 53 0.438 1.338
17 54 0.438 1.363
17 55 0.438 1.388
17 56 0.438 1.413
17 57 0.438 1.438
17 58 0.438 1.463
18 55 0.463 1.388
18 56 0.463 1.413
18 57 0.463 1.438
18 58 0.463 1.463
19 57 0.488 1.438
19 58 0.488 1.463
20 58 0.513 1.463
21 58 0.538 1.463
22 57 0.563 1.438
22 58 0.563 1.463
23 57 0.588 1.438
23 58 0.588 1.463
24 57 0.613 1.438
24 58 0.613 1.463
25 57 0.638 1.438
25 58 0.638 1.463
26 57 0.663 1.438
26 58 0.663 1.463
27 57 0.688 1.438
27 58 0.688 1.463
28 56 0.713 1.413
28 57 0.713 1.438
29 56 0.738 1.413
29 57 0.738 1.438
30 56 0.763 1.413
30 57 0.763 1.438
31 56 0.788 1.413
31 57 0.788 1.438
32 56 0.813 1.413
32 57 0.813 1.438
33 56 0.838 1.413
35 54 0.888 1.363
39 49 0.988 1.238
40 48 1.013 1.213
41 47 1.038 1.188
-10 25 -0.238 0.638
-9 27 -0.213 0.688
-1 26 -0.013 0.663
3 25 0.088 0.638
4 25 0.113 0.638
7 24 0.188 0.613
8 24 0.213 0.613
9 24 0.238 0.613
11 23 0.288 0.588
12 23 0.313 0.588
13 23 0.338 0.588
14 22 0.363 0.563
15 21 0.388 0.538
16 20 0.413 0.513
17 19 0.438 0.488
18 18 0.463 0.463
19 -14 0.488 -0.338
20 -12 0.513 -0.288
21 -10 0.538 -0.238
28 9 0.713 0.238
29 8 0.738 0.213
29 9 0.738 0.238
30 9 0.763 0.238
4 36 0.113 0.913
5 37 0.138 0.938
5 38 0.138 0.963
6 38 0.163 0.963
6 39 0.163 0.988
6 40 0.163 1.013
6 41 0.163 1.038
7 40 0.188 1.013
7 41 0.188 1.038
7 42 0.188 1.063
7 43 0.188 1.088
8 42 0.213 1.063
8 43 0.213 1.088
8 44 0.213 1.113
8 45 0.213 1.138
9 44 0.238 1.113
9 45 0.238 1.138
9 46 0.238 1.163
9 47 0.238 1.188
10 46 0.263 1.163
10 47 0.263 1.188
10 48 0.263 1.213
10 49 0.263 1.238
11 48 0.288 1.213
11 49 0.288 1.238
11 50 0.288 1.263
11 51 0.288 1.288
12 49 0.313 1.238
12 50 0.313 1.263
12 51 0.313 1.288
12 52 0.313 1.313
12 53 0.313 1.338
13 51 0.338 1.288
13 52 0.338 1.313
13 53 0.338 1.338
13 54 0.338 1.363
13 55 0.338 1.388
14 53 0.363 1.338
14 54 0.363 1.363
14 55 0.363 1.388
14 56 0.363 1.413
14 57 0.363 1.438
15 55 0.388 1.388
15 56 0.388 1.413
15 57 0.388 1.438
15 58 0.388 1.463
15 59 0.388 1.488
16 57 0.413 1.438
16 58 0.413 1.463
16 59 0.413 1.488
16 60 0.413 1.513
17 59 0.438 1.488
17 60 0.438 1.513
18 59 0.463 1.488
18 60 0.463 1.513
19 59 0.488 1.488
19 60 0.488 1.513
20 59 0.513 1.488
20 60 0.513 1.513
21 59 0.538 1.488
21 60 0.538 1.513
22 59 0.563 1.488
22 60 0.563 1.513
23 59 0.588 1.488
23 60 0.588 1.513
24 59 0.613 1.488
25 59 0.638 1.488
26 59 0.663 1.488
27 59 0.688 1.488
28 58 0.713 1.463
28 59 0.713 1.488
29 58 0.738 1.463
29 59 0.738 1.488
30 58 0.763 1.463
30 59 0.763 1.488
31 58 0.788 1.463
36 53 0.913 1.338
37 52 0.938 1.313
38 51 0.963 1.288
-14 18 -0.338 0.463
-13 20 -0.313 0.513
-12 22 -0.288 0.563
-12 23 -0.288 0.588
-11 24 -0.263 0.613
-11 25 -0.263 0.638
-10 26 -0.238 0.663
-10 27 -0.238 0.688
-5 27 -0.113 0.688
-4 27 -0.088 0.688
0 26 0.013 0.663
1 26 0.038 0.663
2 26 0.063 0.663
3 26 0.088 0.663
5 25 0.138 0.638
6 25 0.163 0.638
7 25 0.188 0.638
8 25 0.213 0.638
9 25 0.238 0.638
10 24 0.263 0.613
10 25 0.263 0.638
11 24 0.288 0.613
12 24 0.313 0.613
20 -13 0.513 -0.313
21 -11 0.538 -0.263
3 37 0.088 0.938
3 36 0.088 0.913
3 38 0.088 0.963
4 37 0.113 0.938
4 38 0.113 0.963
4 39 0.113 0.988
4 40 0.113 1.013
5 39 0.138 0.988
5 40 0.138 1.013
5 41 0.138 1.038
5 42 0.138 1.063
5 43 0.138 1.088
6 42 0.163 1.063
6 43 0.163 1.088
6 44 0.163 1.113
6 45 0.163 1.138
7 44 0.188 1.113
7 45 0.188 1.138
7 46 0.188 1.163
7 47 0.188 1.188
7 48 0.188 1.213
8 46 0.213 1.163
8 47 0.213 1.188
8 48 0.213 1.213
8 49 0.213 1.238
8 50 0.213 1.263
9 48 0.238 1.213
9 49 0.238 1.238
9 50 0.238 1.263
9 51 0.238 1.288
9 52 0.238 1.313
9 53 0.238 1.338
10 50 0.263 1.263
10 51 0.263 1.288
10 52 0.263 1.313
10 53 0.263 1.338
10 54 0.263 1.363
10 55 0.263 1.388
11 52 0.288 1.313
11 53 0.288 1.338
11 54 0.288 1.363
11 55 0.288 1.388
11 56 0.288 1.413
11 57 0.288 1.438
12 54 0.313 1.363
12 55 0.313 1.388
12 56 0.313 1.413
12 57 0.313 1.438
12 58 0.313 1.463
12 59 0.313 1.488
12 60 0.313 1.513
13 56 0.338 1.413
13 57 0.338 1.438
13 58 0.338 1.463
13 59 0.338 1.488
13 60 0.338 1.513
13 61 0.338 1.538
14 58 0.363 1.463
14 59 0.363 1.488
14 60 0.363 1.513
14 61 0.363 1.538
15 60 0.388 1.513
15 61 0.388 1.538
16 61 0.413 1.538
17 61 0.438 1.538
18 61 0.463 1.538
19 61 0.488 1.538
20 61 0.513 1.538
21 61 0.538 1.538
22 61 0.563 1.538
23 61 0.588 1.538
24 60 0.613 1.513
24 61 0.613 1.538
25 60 0.638 1.513
25 61 0.638 1.538
26 60 0.663 1.513
26 61 0.663 1.538
27 60 0.688 1.513
27 61 0.688 1.538
28 60 0.713 1.513
28 61 0.713 1.538
29 60 0.738 1.513
