-19 -1 -0.463 -0.013
-19 0 -0.463 0.013
-19 1 -0.463 0.038
-19 -3 -0.463 -0.063
-19 -2 -0.463 -0.038
-19 2 -0.463 0.063
-19 -4 -0.463 -0.088
-19 3 -0.463 0.088
-19 4 -0.463 0.113
-18 -5 -0.438 -0.113
-18 5 -0.438 0.138
-18 -7 -0.438 -0.163
-18 -6 -0.438 -0.138
-18 6 -0.438 0.163
-18 -8 -0.438 -0.188
-18 7 -0.438 0.188
-18 8 -0.438 0.213
-17 -9 -0.413 -0.213
-17 9 -0.413 0.238
-17 -11 -0.413 -0.263
-17 -10 -0.413 -0.238
-17 10 -0.413 0.263
-17 -12 -0.413 -0.288
-17 11 -0.413 0.288
-17 12 -0.413 0.313
-16 -13 -0.388 -0.313
-16 13 -0.388 0.338
-16 -14 -0.388 -0.338
-16 14 -0.388 0.363
-16 -16 -0.388 -0.388
-16 -15 -0.388 -0.363
-16 15 -0.388 0.388
-16 16 -0.388 0.413
-15 -17 -0.363 -0.413
-15 17 -0.363 0.438
-15 -18 -0.363 -0.438
-15 18 -0.363 0.463
-15 -20 -0.363 -0.488
-15 -19 -0.363 -0.463
-15 19 -0.363 0.488
-15 20 -0.363 0.513
-14 -21 -0.338 -0.513
-14 21 -0.338 0.538
-59 -1 -1.463 -0.013
-59 0 -1.463 0.013
-59 -2 -1.463 -0.038
-59 1 -1.463 0.038
-59 -3 -1.463 -0.063
-59 2 -1.463 0.063
-58 3 -1.438 0.088
-58 -4 -1.438 -0.088
-58 4 -1.438 0.113
-58 -5 -1.438 -0.113
-58 5 -1.438 0.138
-57 -6 -1.413 -0.138
-57 -7 -1.413 -0.163
-57 6 -1.413 0.163
-57 7 -1.413 0.188
-56 -8 -1.388 -0.188
-56 8 -1.388 0.213
-56 -9 -1.388 -0.213
-56 9 -1.388 0.238
-56 -10 -1.388 -0.238
-56 10 -1.388 0.263
-55 -11 -1.363 -0.263
-55 11 -1.363 0.288
-55 -12 -1.363 -0.288
-55 12 -1.363 0.313
-54 -13 -1.338 -0.313
-54 13 -1.338 0.338
-20 -1 -0.488 -0.013
-20 0 -0.488 0.013
-20 1 -0.488 0.038
-20 -3 -0.488 -0.063
-20 -2 -0.488 -0.038
-20 2 -0.488 0.063
-20 -4 -0.488 -0.088
-20 3 -0.488 0.088
-20 4 -0.488 0.113
-19 -5 -0.463 -0.113
-19 5 -0.463 0.138
-19 -7 -0.463 -0.163
-19 -6 -0.463 -0.138
-19 6 -0.463 0.163
-19 -8 -0.463 -0.188
-19 7 -0.463 0.188
-19 8 -0.463 0.213
-18 -9 -0.438 -0.213
-18 9 -0.438 0.238
-18 -11 -0.438 -0.263
-18 -10 -0.438 -0.238
-18 10 -0.438 0.263
-18 -12 -0.438 -0.288
-18 11 -0.438 0.288
-18 12 -0.438 0.313
-17 -13 -0.413 -0.313
-17 13 -0.413 0.338
-17 -14 -0.413 -0.338
-17 14 -0.413 0.363
-17 -16 -0.413 -0.388
-17 -15 -0.413 -0.363
-17 15 -0.413 0.388
-17 16 -0.413 0.413
-16 -17 -0.388 -0.413
-16 17 -0.388 0.438
-16 -18 -0.388 -0.438
-16 18 -0.388 0.463
-16 -20 -0.388 -0.488
-16 -19 -0.388 -0.463
-16 19 -0.388 0.488
-16 20 -0.388 0.513
-15 -21 -0.363 -0.513
-15 21 -0.363 0.538
-60 -1 -1.488 -0.013
-60 0 -1.488 0.013
-60 -2 -1.488 -0.038
-60 1 -1.488 0.038
-60 -3 -1.488 -0.063
-60 2 -1.488 0.063
-59 3 -1.463 0.088
-59 -4 -1.463 -0.088
-59 4 -1.463 0.113
-59 -5 -1.463 -0.113
-59 5 -1.463 0.138
-58 -6 -1.438 -0.138
-58 -7 -1.438 -0.163
-58 6 -1.438 0.163
-58 7 -1.438 0.188
-57 -8 -1.413 -0.188
-57 8 -1.413 0.213
-57 -9 -1.413 -0.213
-57 9 -1.413 0.238
-57 -10 -1.413 -0.238
-57 10 -1.413 0.263
-56 -11 -1.388 -0.263
-56 11 -1.388 0.288
-56 -12 -1.388 -0.288
-56 12 -1.388 0.313
-55 -13 -1.363 -0.313
-55 13 -1.363 0.338
-21 -1 -0.513 -0.013
-21 0 -0.513 0.013
-21 1 -0.513 0.038
-21 -3 -0.513 -0.063
-21 -2 -0.513 -0.038
-21 2 -0.513 0.063
-20 -5 -0.488 -0.113
-20 5 -0.488 0.138
-20 -7 -0.488 -0.163
-20 -6 -0.488 -0.138
-20 6 -0.488 0.163
-19 -9 -0.463 -0.213
-19 9 -0.463 0.238
-19 -11 -0.463 -0.263
-19 -10 -0.463 -0.238
-19 10 -0.463 0.263
-18 -13 -0.438 -0.313
-18 13 -0.438 0.338
-18 -14 -0.438 -0.338
-18 14 -0.438 0.363
-17 -17 -0.413 -0.413
-17 17 -0.413 0.438
-17 -18 -0.413 -0.438
-17 18 -0.413 0.463
-16 -21 -0.388 -0.513
-16 21 -0.388 0.538
-61 -1 -1.513 -0.013
-61 0 -1.513 0.013
-61 -2 -1.513 -0.038
-61 1 -1.513 0.038
-60 3 -1.488 0.088
-60 -4 -1.488 -0.088
-60 4 -1.488 0.113
-59 -6 -1.463 -0.138
-59 -7 -1.463 -0.163
-59 6 -1.463 0.163
-58 -8 -1.438 -0.188
-58 8 -1.438 0.213
-58 -9 -1.438 -0.213
-58 9 -1.438 0.238
-57 -11 -1.413 -0.263
-57 11 -1.413 0.288
-56 -13 -1.388 -0.313
-56 13 -1.388 0.338
-22 -1 -0.538 -0.013
-22 0 -0.538 0.013
-22 1 -0.538 0.038
-22 -3 -0.538 -0.063
-22 -2 -0.538 -0.038
-22 2 -0.538 0.063
-21 -4 -0.513 -0.088
-21 3 -0.513 0.088
-21 4 -0.513 0.113
-21 -5 -0.513 -0.113
-21 5 -0.513 0.138
-21 -7 -0.513 -0.163
-21 -6 -0.513 -0.138
-21 6 -0.513 0.163
-20 -8 -0.488 -0.188
-20 7 -0.488 0.188
-20 8 -0.488 0.213
-20 -9 -0.488 -0.213
-20 9 -0.488 0.238
-20 -11 -0.488 -0.263
-20 -10 -0.488 -0.238
-20 10 -0.488 0.263
-19 -12 -0.463 -0.288
-19 11 -0.463 0.288
-19 12 -0.463 0.313
-19 -13 -0.463 -0.313
-19 13 -0.463 0.338
-19 -14 -0.463 -0.338
-19 14 -0.463 0.363
-18 -16 -0.438 -0.388
-18 -15 -0.438 -0.363
-18 15 -0.438 0.388
-18 16 -0.438 0.413
-18 -17 -0.438 -0.413
-18 17 -0.438 0.438
-18 -18 -0.438 -0.438
-18 18 -0.438 0.463
-17 -20 -0.413 -0.488
-17 -19 -0.413 -0.463
-17 19 -0.413 0.488
-17 20 -0.413 0.513
-17 -21 -0.413 -0.513
-17 21 -0.413 0.538
-62 -1 -1.538 -0.013
-62 0 -1.538 0.013
-62 -2 -1.538 -0.038
-62 1 -1.538 0.038
-61 -3 -1.513 -0.063
-61 2 -1.513 0.063
-61 3 -1.513 0.088
-61 -4 -1.513 -0.088
-61 4 -1.513 0.113
-60 -5 -1.488 -0.113
-60 5 -1.488 0.138
-60 -6 -1.488 -0.138
-60 -7 -1.488 -0.163
-60 6 -1.488 0.163
-59 7 -1.463 0.188
-59 -8 -1.463 -0.188
-59 8 -1.463 0.213
-59 -9 -1.463 -0.213
-59 9 -1.463 0.238
-58 -10 -1.438 -0.238
-58 10 -1.438 0.263
-58 -11 -1.438 -0.263
-58 11 -1.438 0.288
-57 -12 -1.413 -0.288
-57 12 -1.413 0.313
-57 -13 -1.413 -0.313
-57 13 -1.413 0.338
-23 -1 -0.563 -0.013
-23 0 -0.563 0.013
-23 1 -0.563 0.038
-23 -3 -0.563 -0.063
-23 -2 -0.563 -0.038
-23 2 -0.563 0.063
-22 -4 -0.538 -0.088
-22 3 -0.538 0.088
-22 4 -0.538 0.113
-22 -5 -0.538 -0.113
-22 5 -0.538 0.138
-22 -7 -0.538 -0.163
-22 -6 -0.538 -0.138
-22 6 -0.538 0.163
-21 -8 -0.513 -0.188
-21 7 -0.513 0.188
-21 8 -0.513 0.213
-21 -9 -0.513 -0.213
-21 9 -0.513 0.238
-21 -11 -0.513 -0.263
-21 -10 -0.513 -0.238
-21 10 -0.513 0.263
-20 -12 -0.488 -0.288
-20 11 -0.488 0.288
-20 12 -0.488 0.313
-20 -13 -0.488 -0.313
-20 13 -0.488 0.338
-20 -14 -0.488 -0.338
-20 14 -0.488 0.363
-19 -16 -0.463 -0.388
-19 -15 -0.463 -0.363
-19 15 -0.463 0.388
-19 16 -0.463 0.413
-19 -17 -0.463 -0.413
-19 17 -0.463 0.438
-19 -18 -0.463 -0.438
-19 18 -0.463 0.463
-18 -20 -0.438 -0.488
-18 -19 -0.438 -0.463
-18 19 -0.438 0.488
-18 20 -0.438 0.513
-18 -21 -0.438 -0.513
-18 21 -0.438 0.538
-63 -1 -1.563 -0.013
-63 0 -1.563 0.013
-63 -2 -1.563 -0.038
-63 1 -1.563 0.038
-62 -3 -1.538 -0.063
-62 2 -1.538 0.063
-62 3 -1.538 0.088
-62 -4 -1.538 -0.088
-62 4 -1.538 0.113
-61 -5 -1.513 -0.113
-61 5 -1.513 0.138
-61 -6 -1.513 -0.138
-61 -7 -1.513 -0.163
-61 6 -1.513 0.163
-60 7 -1.488 0.188
-60 -8 -1.488 -0.188
-60 8 -1.488 0.213
-60 -9 -1.488 -0.213
-60 9 -1.488 0.238
-59 -10 -1.463 -0.238
-59 10 -1.463 0.263
-59 -11 -1.463 -0.263
-59 11 -1.463 0.288
-58 -12 -1.438 -0.288
-58 12 -1.438 0.313
-58 -13 -1.438 -0.313
-58 13 -1.438 0.338
-24 -1 -0.588 -0.013
-24 0 -0.588 0.013
-24 1 -0.588 0.038
-23 -4 -0.563 -0.088
-23 3 -0.563 0.088
-23 4 -0.563 0.113
-23 -5 -0.563 -0.113
-23 5 -0.563 0.138
-22 -8 -0.538 -0.188
-22 7 -0.538 0.188
-22 8 -0.538 0.213
-22 -9 -0.538 -0.213
-22 9 -0.538 0.238
-21 -12 -0.513 -0.288
-21 11 -0.513 0.288
-21 12 -0.513 0.313
-21 -13 -0.513 -0.313
-21 13 -0.513 0.338
-20 -16 -0.488 -0.388
-20 -15 -0.488 -0.363
-20 15 -0.488 0.388
-20 16 -0.488 0.413
-20 -17 -0.488 -0.413
-20 17 -0.488 0.438
-19 -20 -0.463 -0.488
-19 -19 -0.463 -0.463
-19 19 -0.463 0.488
-19 20 -0.463 0.513
-19 -21 -0.463 -0.513
-19 21 -0.463 0.538
-64 -1 -1.588 -0.013
-64 0 -1.588 0.013
-63 -3 -1.563 -0.063
-63 2 -1.563 0.063
-63 3 -1.563 0.088
-62 -5 -1.538 -0.113
-62 5 -1.538 0.138
-62 -6 -1.538 -0.138
-61 7 -1.513 0.188
-61 -8 -1.513 -0.188
-61 8 -1.513 0.213
-60 -10 -1.488 -0.238
-60 10 -1.488 0.263
-60 -11 -1.488 -0.263
-60 11 -1.488 0.288
-59 -12 -1.463 -0.288
-59 12 -1.463 0.313
-59 -13 -1.463 -0.313
-59 13 -1.463 0.338
-25 -1 -0.613 -0.013
-25 0 -0.613 0.013
-25 1 -0.613 0.038
-24 -3 -0.588 -0.063
-24 -2 -0.588 -0.038
-24 2 -0.588 0.063
-24 -4 -0.588 -0.088
-24 3 -0.588 0.088
-24 4 -0.588 0.113
-24 -5 -0.588 -0.113
-24 5 -0.588 0.138
-23 -7 -0.563 -0.163
-23 -6 -0.563 -0.138
-23 6 -0.563 0.163
-23 -8 -0.563 -0.188
-23 7 -0.563 0.188
-23 8 -0.563 0.213
-23 -9 -0.563 -0.213
-23 9 -0.563 0.238
-22 -11 -0.538 -0.263
-22 -10 -0.538 -0.238
-22 10 -0.538 0.263
-22 -12 -0.538 -0.288
-22 11 -0.538 0.288
-22 12 -0.538 0.313
-22 -13 -0.538 -0.313
-22 13 -0.538 0.338
-21 -14 -0.513 -0.338
-21 14 -0.513 0.363
-21 -16 -0.513 -0.388
-21 -15 -0.513 -0.363
-21 15 -0.513 0.388
-21 16 -0.513 0.413
-21 -17 -0.513 -0.413
-21 17 -0.513 0.438
-20 -18 -0.488 -0.438
-20 18 -0.488 0.463
-20 -20 -0.488 -0.488
-20 -19 -0.488 -0.463
-20 19 -0.488 0.488
-20 20 -0.488 0.513
-20 -21 -0.488 -0.513
-20 21 -0.488 0.538
-65 -1 -1.613 -0.013
-65 0 -1.613 0.013
-64 -2 -1.588 -0.038
-64 1 -1.588 0.038
-64 -3 -1.588 -0.063
-64 2 -1.588 0.063
-64 3 -1.588 0.088
-63 -4 -1.563 -0.088
-63 4 -1.563 0.113
-63 -5 -1.563 -0.113
-63 5 -1.563 0.138
-63 -6 -1.563 -0.138
-62 -7 -1.538 -0.163
-62 6 -1.538 0.163
-62 7 -1.538 0.188
-62 -8 -1.538 -0.188
-62 8 -1.538 0.213
-61 -9 -1.513 -0.213
-61 9 -1.513 0.238
-61 -10 -1.513 -0.238
-61 10 -1.513 0.263
-61 -11 -1.513 -0.263
-61 11 -1.513 0.288
-60 -12 -1.488 -0.288
-60 12 -1.488 0.313
-60 -13 -1.488 -0.313
-60 13 -1.488 0.338
-26 -1 -0.638 -0.013
-26 0 -0.638 0.013
-26 1 -0.638 0.038
-25 -3 -0.613 -0.063
-25 -2 -0.613 -0.038
-25 2 -0.613 0.063
-25 -4 -0.613 -0.088
-25 3 -0.613 0.088
-25 4 -0.613 0.113
-25 -5 -0.613 -0.113
-25 5 -0.613 0.138
-24 -7 -0.588 -0.163
-24 -6 -0.588 -0.138
-24 6 -0.588 0.163
-24 -8 -0.588 -0.188
-24 7 -0.588 0.188
-24 8 -0.588 0.213
-24 -9 -0.588 -0.213
-24 9 -0.588 0.238
-23 -11 -0.563 -0.263
-23 -10 -0.563 -0.238
-23 10 -0.563 0.263
-23 -12 -0.563 -0.288
-23 11 -0.563 0.288
-23 12 -0.563 0.313
-23 -13 -0.563 -0.313
-23 13 -0.563 0.338
-22 -14 -0.538 -0.338
-22 14 -0.538 0.363
-22 -16 -0.538 -0.388
-22 -15 -0.538 -0.363
-22 15 -0.538 0.388
-22 16 -0.538 0.413
-22 -17 -0.538 -0.413
-22 17 -0.538 0.438
-21 -18 -0.513 -0.438
-21 18 -0.513 0.463
-21 -20 -0.513 -0.488
-21 -19 -0.513 -0.463
-21 19 -0.513 0.488
-21 20 -0.513 0.513
-21 -21 -0.513 -0.513
-21 21 -0.513 0.538
-66 -1 -1.638 -0.013
-66 0 -1.638 0.013
-65 -2 -1.613 -0.038
-65 1 -1.613 0.038
-65 -3 -1.613 -0.063
-65 2 -1.613 0.063
-65 3 -1.613 0.088
-64 -4 -1.588 -0.088
-64 4 -1.588 0.113
-64 -5 -1.588 -0.113
-64 5 -1.588 0.138
-64 -6 -1.588 -0.138
-63 -7 -1.563 -0.163
-63 6 -1.563 0.163
-63 7 -1.563 0.188
-63 -8 -1.563 -0.188
-63 8 -1.563 0.213
-62 -9 -1.538 -0.213
-62 9 -1.538 0.238
-62 -10 -1.538 -0.238
-62 10 -1.538 0.263
-62 -11 -1.538 -0.263
-62 11 -1.538 0.288
-61 -12 -1.513 -0.288
-61 12 -1.513 0.313
-61 -13 -1.513 -0.313
-61 13 -1.513 0.338
-26 -3 -0.638 -0.063
-26 -2 -0.638 -0.038
-26 2 -0.638 0.063
-26 -4 -0.638 -0.088
-26 3 -0.638 0.088
-26 4 -0.638 0.113
-25 -7 -0.613 -0.163
-25 -6 -0.613 -0.138
-25 6 -0.613 0.163
-25 -8 -0.613 -0.188
-25 7 -0.613 0.188
-25 8 -0.613 0.213
-24 -11 -0.588 -0.263
-24 -10 -0.588 -0.238
-24 10 -0.588 0.263
-24 -12 -0.588 -0.288
-24 11 -0.588 0.288
-24 12 -0.588 0.313
-23 -14 -0.563 -0.338
-23 14 -0.563 0.363
-23 -16 -0.563 -0.388
-23 -15 -0.563 -0.363
-23 15 -0.563 0.388
-23 16 -0.563 0.413
-22 -18 -0.538 -0.438
-22 18 -0.538 0.463
-22 -20 -0.538 -0.488
-22 -19 -0.538 -0.463
-22 19 -0.538 0.488
-22 20 -0.538 0.513
-66 -2 -1.638 -0.038
-66 1 -1.638 0.038
-66 -3 -1.638 -0.063
-66 2 -1.638 0.063
-65 -4 -1.613 -0.088
-65 4 -1.613 0.113
-65 -5 -1.613 -0.113
-65 5 -1.613 0.138
-64 -7 -1.588 -0.163
-64 6 -1.588 0.163
-64 7 -1.588 0.188
-63 -9 -1.563 -0.213
-63 9 -1.563 0.238
-63 -10 -1.563 -0.238
-63 10 -1.563 0.263
-62 -12 -1.538 -0.288
-62 12 -1.538 0.313
