-24 4 -0.588 0.113
-23 3 -0.563 0.088
-22 2 -0.538 0.063
-21 1 -0.513 0.038
-20 0 -0.488 0.013
-19 -1 -0.463 -0.013
-18 -2 -0.438 -0.038
-17 -3 -0.413 -0.063
-13 18 -0.313 0.463
-12 19 -0.288 0.488
-11 20 -0.263 0.513
-10 21 -0.238 0.538
-9 22 -0.213 0.563
-8 23 -0.188 0.588
-7 24 -0.163 0.613
7 -24 0.188 -0.588
8 -23 0.213 -0.563
8 17 0.213 0.438
9 -22 0.238 -0.538
10 -21 0.263 -0.513
10 16 0.263 0.413
11 -20 0.288 -0.488
12 -19 0.313 -0.463
13 -18 0.338 -0.438
14 -17 0.363 -0.413
15 -16 0.388 -0.388
16 -15 0.413 -0.363
17 8 0.438 0.213
19 5 0.488 0.138
20 3 0.513 0.088
21 2 0.538 0.063
22 0 0.563 0.013
23 -2 0.588 -0.038
23 -1 0.588 -0.013
24 -3 0.613 -0.063
25 -5 0.638 -0.113
25 -4 0.638 -0.088
8 29 0.213 0.738
9 28 0.238 0.713
9 29 0.238 0.738
9 30 0.238 0.763
10 30 0.263 0.763
10 31 0.263 0.788
11 31 0.288 0.788
11 32 0.288 0.813
12 32 0.313 0.813
12 33 0.313 0.838
13 33 0.338 0.838
13 34 0.338 0.863
14 34 0.363 0.863
14 35 0.363 0.888
14 36 0.363 0.913
15 35 0.388 0.888
15 36 0.388 0.913
15 37 0.388 0.938
16 36 0.413 0.913
16 37 0.413 0.938
16 38 0.413 0.963
17 37 0.438 0.938
17 38 0.438 0.963
17 39 0.438 0.988
18 38 0.463 0.963
18 39 0.463 0.988
18 40 0.463 1.013
19 39 0.488 0.988
19 40 0.488 1.013
19 41 0.488 1.038
20 40 0.513 1.013
20 41 0.513 1.038
20 42 0.513 1.063
21 41 0.538 1.038
21 42 0.538 1.063
21 43 0.538 1.088
22 42 0.563 1.063
22 43 0.563 1.088
22 44 0.563 1.113
23 43 0.588 1.088
23 44 0.588 1.113
23 45 0.588 1.138
24 44 0.613 1.113
24 45 0.613 1.138
24 46 0.613 1.163
25 45 0.638 1.138
25 46 0.638 1.163
25 47 0.638 1.188
25 48 0.638 1.213
26 46 0.663 1.163
26 47 0.663 1.188
26 48 0.663 1.213
27 47 0.688 1.188
27 48 0.688 1.213
28 48 0.713 1.213
30 47 0.763 1.188
31 47 0.788 1.188
33 46 0.838 1.163
34 46 0.863 1.163
35 45 0.888 1.138
36 45 0.913 1.138
37 45 0.938 1.138
38 44 0.963 1.113
39 44 0.988 1.113
40 43 1.013 1.088
-25 3 -0.613 0.088
-25 4 -0.613 0.113
-24 3 -0.588 0.088
-23 2 -0.563 0.063
-22 1 -0.538 0.038
-21 0 -0.513 0.013
-20 -1 -0.488 -0.013
-19 -2 -0.463 -0.038
-16 -4 -0.388 -0.088
-15 -5 -0.363 -0.113
-15 16 -0.363 0.413
-14 -6 -0.338 -0.138
-14 17 -0.338 0.438
-13 -7 -0.313 -0.163
-12 -8 -0.288 -0.188
-10 22 -0.238 0.563
-9 23 -0.213 0.588
-8 24 -0.188 0.613
8 -24 0.213 -0.588
9 -23 0.238 -0.563
10 -22 0.263 -0.538
12 15 0.313 0.388
20 4 0.513 0.113
22 1 0.563 0.038
23 0 0.588 0.013
24 -2 0.613 -0.038
25 -3 0.638 -0.063
7 29 0.188 0.738
7 28 0.188 0.713
7 30 0.188 0.763
8 28 0.213 0.713
8 30 0.213 0.763
8 31 0.213 0.788
9 27 0.238 0.688
9 31 0.238 0.788
9 32 0.238 0.813
10 32 0.263 0.813
10 26 0.263 0.663
10 33 0.263 0.838
11 33 0.288 0.838
11 25 0.288 0.638
11 34 0.288 0.863
12 34 0.313 0.863
12 35 0.313 0.888
12 24 0.313 0.613
13 35 0.338 0.888
13 36 0.338 0.913
13 23 0.338 0.588
13 37 0.338 0.938
14 37 0.363 0.938
14 38 0.363 0.963
15 38 0.388 0.963
15 39 0.388 0.988
16 39 0.413 0.988
16 40 0.413 1.013
17 40 0.438 1.013
17 41 0.438 1.038
18 41 0.463 1.038
18 42 0.463 1.063
18 43 0.463 1.088
19 42 0.488 1.063
19 43 0.488 1.088
19 44 0.488 1.113
20 43 0.513 1.088
20 44 0.513 1.113
20 45 0.513 1.138
21 44 0.538 1.113
21 45 0.538 1.138
21 46 0.538 1.163
22 45 0.563 1.138
22 46 0.563 1.163
22 47 0.563 1.188
23 46 0.588 1.163
23 47 0.588 1.188
23 48 0.588 1.213
23 49 0.588 1.238
24 47 0.613 1.188
24 48 0.613 1.213
24 49 0.613 1.238
25 49 0.638 1.238
26 49 0.663 1.238
29 48 0.738 1.213
32 47 0.813 1.188
33 47 0.838 1.188
35 46 0.888 1.163
36 46 0.913 1.163
-25 2 -0.613 0.063
-24 2 -0.588 0.063
-23 1 -0.563 0.038
-22 0 -0.538 0.013
-21 -1 -0.513 -0.013
-20 -2 -0.488 -0.038
-18 -3 -0.438 -0.063
-17 -4 -0.413 -0.088
-16 -5 -0.388 -0.113
-12 20 -0.288 0.513
-11 21 -0.263 0.538
10 -23 0.263 -0.563
11 -21 0.288 -0.513
12 -20 0.313 -0.488
13 -19 0.338 -0.463
18 7 0.463 0.188
19 6 0.488 0.163
21 3 0.538 0.088
22 2 0.563 0.063
23 1 0.588 0.038
24 -1 0.613 -0.013
25 -2 0.638 -0.038
6 29 0.163 0.738
6 30 0.163 0.763
7 31 0.188 0.788
8 32 0.213 0.813
8 27 0.213 0.688
8 33 0.213 0.838
9 33 0.238 0.838
9 34 0.238 0.863
10 34 0.263 0.863
10 35 0.263 0.888
11 35 0.288 0.888
11 36 0.288 0.913
11 37 0.288 0.938
12 36 0.313 0.913
12 37 0.313 0.938
12 38 0.313 0.963
13 38 0.338 0.963
13 39 0.338 0.988
14 39 0.363 0.988
14 40 0.363 1.013
15 40 0.388 1.013
15 41 0.388 1.038
15 42 0.388 1.063
16 41 0.413 1.038
16 42 0.413 1.063
16 43 0.413 1.088
17 42 0.438 1.063
17 43 0.438 1.088
17 44 0.438 1.113
18 44 0.463 1.113
18 45 0.463 1.138
18 46 0.463 1.163
19 45 0.488 1.138
19 46 0.488 1.163
19 47 0.488 1.188
20 46 0.513 1.163
20 47 0.513 1.188
20 48 0.513 1.213
21 47 0.538 1.188
21 48 0.538 1.213
21 49 0.538 1.238
21 50 0.538 1.263
22 48 0.563 1.213
22 49 0.563 1.238
22 50 0.563 1.263
23 50 0.588 1.263
24 50 0.613 1.263
25 50 0.638 1.263
27 49 0.688 1.238
28 49 0.713 1.238
29 49 0.738 1.238
30 48 0.763 1.213
31 48 0.788 1.213
32 48 0.813 1.213
33 48 0.838 1.213
34 47 0.863 1.188
35 47 0.888 1.188
36 47 0.913 1.188
-25 1 -0.613 0.038
-24 1 -0.588 0.038
-24 0 -0.588 0.013
-23 0 -0.563 0.013
-22 -1 -0.538 -0.013
-21 -2 -0.513 -0.038
-20 -3 -0.488 -0.063
-19 -3 -0.463 -0.063
-18 -4 -0.438 -0.088
-17 -5 -0.413 -0.113
-16 15 -0.388 0.388
-15 -6 -0.363 -0.138
-14 -7 -0.338 -0.163
-14 18 -0.338 0.463
-13 19 -0.313 0.488
-12 21 -0.288 0.538
-11 -9 -0.263 -0.213
-11 22 -0.263 0.563
-10 23 -0.238 0.588
-10 -10 -0.238 -0.238
11 -22 0.288 -0.538
14 -18 0.363 -0.438
20 5 0.513 0.138
21 4 0.538 0.113
24 0 0.613 0.013
25 -1 0.638 -0.013
5 29 0.138 0.738
5 30 0.138 0.763
5 31 0.138 0.788
6 31 0.163 0.788
6 28 0.163 0.713
6 32 0.163 0.813
7 32 0.188 0.813
7 33 0.188 0.838
7 27 0.188 0.688
8 34 0.213 0.863
8 35 0.213 0.888
9 35 0.238 0.888
9 26 0.238 0.663
9 36 0.238 0.913
10 36 0.263 0.913
10 37 0.263 0.938
10 25 0.263 0.638
10 38 0.263 0.963
11 38 0.288 0.963
11 39 0.288 0.988
12 39 0.313 0.988
12 40 0.313 1.013
12 41 0.313 1.038
13 40 0.338 1.013
13 41 0.338 1.038
13 42 0.338 1.063
14 41 0.363 1.038
14 42 0.363 1.063
14 43 0.363 1.088
15 43 0.388 1.088
15 44 0.388 1.113
15 45 0.388 1.138
16 44 0.413 1.113
16 45 0.413 1.138
16 46 0.413 1.163
17 45 0.438 1.138
17 46 0.438 1.163
17 47 0.438 1.188
17 48 0.438 1.213
18 47 0.463 1.188
18 48 0.463 1.213
18 49 0.463 1.238
19 48 0.488 1.213
19 49 0.488 1.238
19 50 0.488 1.263
19 51 0.488 1.288
20 49 0.513 1.238
20 50 0.513 1.263
20 51 0.513 1.288
21 51 0.538 1.288
22 51 0.563 1.288
23 51 0.588 1.288
26 50 0.663 1.263
27 50 0.688 1.263
30 49 0.763 1.238
31 49 0.788 1.238
32 49 0.813 1.238
34 48 0.863 1.213
-25 0 -0.613 0.013
-24 -1 -0.588 -0.013
-23 -1 -0.563 -0.013
-22 -2 -0.538 -0.038
-19 -4 -0.463 -0.088
-17 14 -0.413 0.363
-16 -6 -0.388 -0.138
-15 17 -0.363 0.438
-13 20 -0.313 0.513
-13 -8 -0.313 -0.188
-12 22 -0.288 0.563
-11 23 -0.263 0.588
12 -21 0.313 -0.513
13 -20 0.338 -0.488
16 10 0.413 0.263
17 9 0.438 0.238
18 8 0.463 0.213
19 7 0.488 0.188
20 6 0.513 0.163
22 3 0.563 0.088
23 2 0.588 0.063
24 1 0.613 0.038
25 0 0.638 0.013
3 30 0.088 0.763
4 29 0.113 0.738
4 30 0.113 0.763
4 31 0.113 0.788
4 32 0.113 0.813
5 32 0.138 0.813
5 33 0.138 0.838
5 28 0.138 0.713
6 33 0.163 0.838
6 34 0.163 0.863
6 35 0.163 0.888
7 34 0.188 0.863
7 35 0.188 0.888
7 36 0.188 0.913
8 36 0.213 0.913
8 37 0.213 0.938
8 38 0.213 0.963
9 37 0.238 0.938
9 38 0.238 0.963
9 39 0.238 0.988
9 40 0.238 1.013
10 39 0.263 0.988
10 40 0.263 1.013
10 41 0.263 1.038
11 40 0.288 1.013
11 41 0.288 1.038
11 42 0.288 1.063
11 43 0.288 1.088
12 42 0.313 1.063
12 43 0.313 1.088
12 44 0.313 1.113
13 43 0.338 1.088
13 44 0.338 1.113
13 45 0.338 1.138
13 46 0.338 1.163
14 44 0.363 1.113
14 45 0.363 1.138
14 46 0.363 1.163
14 47 0.363 1.188
15 46 0.388 1.163
15 47 0.388 1.188
15 48 0.388 1.213
15 49 0.388 1.238
16 47 0.413 1.188
16 48 0.413 1.213
16 49 0.413 1.238
16 50 0.413 1.263
17 49 0.438 1.238
17 50 0.438 1.263
17 51 0.438 1.288
17 52 0.438 1.313
18 50 0.463 1.263
18 51 0.463 1.288
18 52 0.463 1.313
19 52 0.488 1.313
20 52 0.513 1.313
21 52 0.538 1.313
24 51 0.613 1.288
25 51 0.638 1.288
26 51 0.663 1.288
27 51 0.688 1.288
28 50 0.713 1.263
29 50 0.738 1.263
30 50 0.763 1.263
31 50 0.788 1.263
-25 -1 -0.613 -0.013
-24 -2 -0.588 -0.038
-23 -2 -0.563 -0.038
-22 -3 -0.538 -0.063
-21 -3 -0.513 -0.063
-20 -4 -0.488 -0.088
-19 -5 -0.463 -0.113
-18 -5 -0.438 -0.113
-17 -6 -0.413 -0.138
-16 16 -0.388 0.413
-15 -7 -0.363 -0.163
-14 19 -0.338 0.488
-14 -8 -0.338 -0.188
-13 21 -0.313 0.538
-12 -9 -0.288 -0.213
12 -22 0.313 -0.538
13 -21 0.338 -0.513
14 -19 0.363 -0.463
15 -17 0.388 -0.413
17 -14 0.438 -0.338
21 5 0.538 0.138
22 4 0.563 0.113
23 3 0.588 0.088
24 2 0.613 0.063
25 1 0.638 0.038
2 30 0.063 0.763
2 31 0.063 0.788
3 29 0.088 0.738
3 31 0.088 0.788
3 32 0.088 0.813
4 33 0.113 0.838
4 34 0.113 0.863
4 28 0.113 0.713
5 34 0.138 0.863
5 35 0.138 0.888
5 36 0.138 0.913
6 36 0.163 0.913
6 27 0.163 0.688
6 37 0.163 0.938
6 38 0.163 0.963
7 37 0.188 0.938
7 38 0.188 0.963
7 39 0.188 0.988
8 26 0.213 0.663
8 39 0.213 0.988
8 40 0.213 1.013
8 41 0.213 1.038
9 41 0.238 1.038
9 42 0.238 1.063
9 25 0.238 0.638
9 43 0.238 1.088
10 42 0.263 1.063
10 43 0.263 1.088
10 44 0.263 1.113
10 45 0.263 1.138
11 44 0.288 1.113
11 45 0.288 1.138
11 46 0.288 1.163
11 24 0.288 0.613
12 45 0.313 1.138
12 46 0.313 1.163
12 47 0.313 1.188
12 48 0.313 1.213
13 47 0.338 1.188
13 48 0.338 1.213
13 49 0.338 1.238
13 50 0.338 1.263
14 48 0.363 1.213
14 49 0.363 1.238
14 50 0.363 1.263
14 51 0.363 1.288
14 52 0.363 1.313
15 50 0.388 1.263
15 51 0.388 1.288
15 52 0.388 1.313
15 53 0.388 1.338
16 51 0.413 1.288
16 52 0.413 1.313
16 53 0.413 1.338
17 53 0.438 1.338
22 52 0.563 1.313
23 52 0.588 1.313
24 52 0.613 1.313
25 52 0.638 1.313
28 51 0.713 1.288
29 51 0.738 1.288
-25 -2 -0.613 -0.038
-24 -3 -0.588 -0.063
-23 -3 -0.563 -0.063
-22 -4 -0.538 -0.088
-21 -4 -0.513 -0.088
-20 -5 -0.488 -0.113
-18 -6 -0.438 -0.138
-18 13 -0.438 0.338
-17 15 -0.413 0.388
-16 -7 -0.388 -0.163
-15 18 -0.363 0.463
-14 20 -0.338 0.513
-13 22 -0.313 0.563
14 -20 0.363 -0.488
15 -18 0.388 -0.438
16 -16 0.413 -0.388
19 8 0.488 0.213
20 7 0.513 0.188
21 6 0.538 0.163
22 5 0.563 0.138
23 4 0.588 0.113
24 3 0.613 0.088
25 2 0.638 0.063
1 30 0.038 0.763
1 31 0.038 0.788
1 29 0.038 0.738
2 29 0.063 0.738
2 32 0.063 0.813
2 33 0.063 0.838
3 33 0.088 0.838
3 34 0.088 0.863
3 28 0.088 0.713
3 35 0.088 0.888
4 35 0.113 0.888
4 36 0.113 0.913
4 37 0.113 0.938
5 37 0.138 0.938
5 38 0.138 0.963
5 27 0.138 0.688
5 39 0.138 0.988
6 39 0.163 0.988
6 40 0.163 1.013
6 41 0.163 1.038
7 40 0.188 1.013
7 41 0.188 1.038
7 42 0.188 1.063
7 26 0.188 0.663
7 43 0.188 1.088
8 42 0.213 1.063
8 43 0.213 1.088
8 44 0.213 1.113
8 45 0.213 1.138
9 44 0.238 1.113
9 45 0.238 1.138
9 46 0.238 1.163
9 47 0.238 1.188
10 46 0.263 1.163
10 47 0.263 1.188
10 48 0.263 1.213
10 49 0.263 1.238
11 47 0.288 1.188
11 48 0.288 1.213
11 49 0.288 1.238
11 50 0.288 1.263
11 51 0.288 1.288
12 49 0.313 1.238
12 50 0.313 1.263
12 51 0.313 1.288
12 52 0.313 1.313
12 53 0.313 1.338
13 51 0.338 1.288
13 52 0.338 1.313
13 53 0.338 1.338
14 53 0.363 1.338
18 53 0.463 1.338
19 53 0.488 1.338
20 53 0.513 1.338
21 53 0.538 1.338
22 53 0.563 1.338
26 52 0.663 1.313
27 52 0.688 1.313
-25 -3 -0.613 -0.063
-24 -4 -0.588 -0.088
-23 -4 -0.563 -0.088
-22 -5 -0.538 -0.113
-21 -5 -0.513 -0.113
-20 -6 -0.488 -0.138
-19 -6 -0.463 -0.138
-17 -7 -0.413 -0.163
-16 17 -0.388 0.438
-15 -8 -0.363 -0.188
-15 19 -0.363 0.488
-14 21 -0.338 0.538
-13 -9 -0.313 -0.213
-11 -10 -0.263 -0.238
-9 -11 -0.213 -0.263
14 -21 0.363 -0.513
15 -19 0.388 -0.463
16 -17 0.413 -0.413
17 -15 0.438 -0.363
17 10 0.438 0.263
18 -13 0.463 -0.313
18 9 0.463 0.238
22 6 0.563 0.163
23 5 0.588 0.138
24 4 0.613 0.113
25 3 0.638 0.088
-1 30 -0.013 0.763
0 30 0.013 0.763
0 31 0.013 0.788
0 29 0.013 0.738
0 32 0.013 0.813
1 32 0.038 0.813
1 33 0.038 0.838
1 34 0.038 0.863
2 34 0.063 0.863
2 35 0.063 0.888
2 28 0.063 0.713
2 36 0.063 0.913
2 37 0.063 0.938
3 36 0.088 0.913
3 37 0.088 0.938
3 38 0.088 0.963
3 39 0.088 0.988
4 38 0.113 0.963
4 39 0.113 0.988
4 40 0.113 1.013
4 27 0.113 0.688
4 41 0.113 1.038
5 40 0.138 1.013
5 41 0.138 1.038
5 42 0.138 1.063
5 43 0.138 1.088
6 42 0.163 1.063
6 43 0.163 1.088
6 44 0.163 1.113
6 45 0.163 1.138
6 26 0.163 0.663
7 44 0.188 1.113
7 45 0.188 1.138
7 46 0.188 1.163
7 47 0.188 1.188
8 46 0.213 1.163
8 47 0.213 1.188
8 48 0.213 1.213
8 49 0.213 1.238
8 25 0.213 0.638
8 50 0.213 1.263
9 48 0.238 1.213
9 49 0.238 1.238
9 50 0.238 1.263
9 51 0.238 1.288
9 52 0.238 1.313
10 50 0.263 1.263
10 51 0.263 1.288
10 52 0.263 1.313
10 53 0.263 1.338
10 54 0.263 1.363
11 52 0.288 1.313
11 53 0.288 1.338
11 54 0.288 1.363
12 54 0.313 1.363
13 54 0.338 1.363
14 54 0.363 1.363
15 54 0.388 1.363
16 54 0.413 1.363
17 54 0.438 1.363
23 53 0.588 1.338
24 53 0.613 1.338
25 53 0.638 1.338
-25 -4 -0.613 -0.088
-24 -5 -0.588 -0.113
-23 -5 -0.563 -0.113
-22 -6 -0.538 -0.138
-21 -6 -0.513 -0.138
-19 -7 -0.463 -0.163
-18 -7 -0.438 -0.163
-17 -8 -0.413 -0.188
-17 16 -0.413 0.413
-16 -8 -0.388 -0.188
-16 18 -0.388 0.463
-15 20 -0.363 0.513
-14 -9 -0.338 -0.213
-12 -10 -0.288 -0.238
15 -20 0.388 -0.488
16 -18 0.413 -0.438
16 11 0.413 0.288
20 8 0.513 0.213
21 7 0.538 0.188
24 5 0.613 0.138
25 4 0.638 0.113
-2 30 -0.038 0.763
-2 29 -0.038 0.738
-2 31 -0.038 0.788
-1 29 -0.013 0.738
-1 31 -0.013 0.788
-1 32 -0.013 0.813
-1 33 -0.013 0.838
0 33 0.013 0.838
0 34 0.013 0.863
0 35 0.013 0.888
0 36 0.013 0.913
1 35 0.038 0.888
1 36 0.038 0.913
1 37 0.038 0.938
1 28 0.038 0.713
1 38 0.038 0.963
2 38 0.063 0.963
2 39 0.063 0.988
2 40 0.063 1.013
2 41 0.063 1.038
3 40 0.088 1.013
3 41 0.088 1.038
3 42 0.088 1.063
3 27 0.088 0.688
3 43 0.088 1.088
4 42 0.113 1.063
4 43 0.113 1.088
4 44 0.113 1.113
4 45 0.113 1.138
4 46 0.113 1.163
5 44 0.138 1.113
5 45 0.138 1.138
5 46 0.138 1.163
5 47 0.138 1.188
5 48 0.138 1.213
6 46 0.163 1.163
6 47 0.163 1.188
6 48 0.163 1.213
6 49 0.163 1.238
6 50 0.163 1.263
7 48 0.188 1.213
7 49 0.188 1.238
7 50 0.188 1.263
7 51 0.188 1.288
7 52 0.188 1.313
7 53 0.188 1.338
8 51 0.213 1.288
8 52 0.213 1.313
8 53 0.213 1.338
8 54 0.213 1.363
9 53 0.238 1.338
9 54 0.238 1.363
18 54 0.463 1.363
19 54 0.488 1.363
20 54 0.513 1.363
21 54 0.538 1.363
22 54 0.563 1.363
23 54 0.588 1.363
