5 -25 0.138 -0.613
6 -24 0.163 -0.588
7 -23 0.188 -0.563
7 -22 0.188 -0.538
8 -22 0.213 -0.538
8 -21 0.213 -0.513
9 -20 0.238 -0.488
10 -19 0.263 -0.463
10 -18 0.263 -0.438
11 -18 0.288 -0.438
11 -17 0.288 -0.413
11 19 0.288 0.488
12 -16 0.313 -0.388
13 -15 0.338 -0.363
13 -14 0.338 -0.338
14 -14 0.363 -0.338
14 -13 0.363 -0.313
15 -12 0.388 -0.288
15 -11 0.388 -0.263
16 -11 0.413 -0.263
16 -10 0.413 -0.238
17 -9 0.438 -0.213
18 -8 0.463 -0.188
18 -7 0.463 -0.163
18 -6 0.463 -0.138
19 -5 0.488 -0.113
19 -4 0.488 -0.088
19 -3 0.488 -0.063
19 -2 0.488 -0.038
19 -1 0.488 -0.013
19 0 0.488 0.013
19 1 0.488 0.038
20 2 0.513 0.063
20 3 0.513 0.088
20 4 0.513 0.113
20 5 0.513 0.138
20 6 0.513 0.163
20 7 0.513 0.188
20 8 0.513 0.213
21 9 0.538 0.238
21 10 0.538 0.263
21 11 0.538 0.288
21 12 0.538 0.313
21 13 0.538 0.338
21 14 0.538 0.363
34 1 0.863 0.038
39 -1 0.988 -0.013
44 -33 1.113 -0.813
45 -33 1.138 -0.813
46 -32 1.163 -0.788
47 -31 1.188 -0.763
48 -30 1.213 -0.738
49 -29 1.238 -0.713
50 -28 1.263 -0.688
51 -27 1.288 -0.663
51 -6 1.288 -0.138
52 -26 1.313 -0.638
53 -25 1.338 -0.613
54 -24 1.363 -0.588
55 -23 1.388 -0.563
55 -22 1.388 -0.538
55 -21 1.388 -0.513
55 -20 1.388 -0.488
55 -19 1.388 -0.463
55 -18 1.388 -0.438
55 -17 1.388 -0.413
55 -16 1.388 -0.388
55 -15 1.388 -0.363
55 -14 1.388 -0.338
55 -13 1.388 -0.313
55 -12 1.388 -0.288
55 -11 1.388 -0.263
55 -10 1.388 -0.238
55 -9 1.388 -0.213
55 -8 1.388 -0.188
6 -25 0.163 -0.613
7 -24 0.188 -0.588
8 -23 0.213 -0.563
9 -22 0.238 -0.538
9 -21 0.238 -0.513
10 -20 0.263 -0.488
11 -19 0.288 -0.463
12 -17 0.313 -0.413
13 -16 0.338 -0.388
14 -15 0.363 -0.363
15 -13 0.388 -0.313
16 -12 0.413 -0.288
17 -11 0.438 -0.263
17 -10 0.438 -0.238
18 -9 0.463 -0.213
19 -8 0.488 -0.188
19 -7 0.488 -0.163
19 -6 0.488 -0.138
20 -3 0.513 -0.063
20 -2 0.513 -0.038
20 -1 0.513 -0.013
20 0 0.513 0.013
20 1 0.513 0.038
21 4 0.538 0.113
21 5 0.538 0.138
21 6 0.538 0.163
21 7 0.538 0.188
21 8 0.538 0.213
22 11 0.563 0.288
22 12 0.563 0.313
22 13 0.563 0.338
22 14 0.563 0.363
46 -33 1.163 -0.813
47 -32 1.188 -0.788
48 -31 1.213 -0.763
49 -30 1.238 -0.738
50 -29 1.263 -0.713
51 -28 1.288 -0.688
52 -27 1.313 -0.663
53 -26 1.338 -0.638
54 -25 1.363 -0.613
55 -24 1.388 -0.588
56 -23 1.413 -0.563
56 -22 1.413 -0.538
56 -21 1.413 -0.513
56 -20 1.413 -0.488
56 -19 1.413 -0.463
56 -18 1.413 -0.438
56 -17 1.413 -0.413
56 -16 1.413 -0.388
56 -15 1.413 -0.363
56 -14 1.413 -0.338
56 -13 1.413 -0.313
56 -12 1.413 -0.288
56 -11 1.413 -0.263
56 -10 1.413 -0.238
56 -9 1.413 -0.213
-14 -18 -0.338 -0.438
6 -26 0.163 -0.638
7 -26 0.188 -0.638
7 -25 0.188 -0.613
8 -24 0.213 -0.588
9 -23 0.238 -0.563
10 -21 0.263 -0.513
11 -20 0.288 -0.488
12 -19 0.313 -0.463
12 -18 0.313 -0.438
13 -17 0.338 -0.413
14 -16 0.363 -0.388
15 -15 0.388 -0.363
15 -14 0.388 -0.338
16 -13 0.413 -0.313
17 -12 0.438 -0.288
18 -11 0.463 -0.263
18 -10 0.463 -0.238
19 -9 0.488 -0.213
20 -8 0.513 -0.188
20 -7 0.513 -0.163
20 -6 0.513 -0.138
20 -5 0.513 -0.113
20 -4 0.513 -0.088
21 -1 0.538 -0.013
21 0 0.538 0.013
21 1 0.538 0.038
21 2 0.538 0.063
21 3 0.538 0.088
22 6 0.563 0.163
22 7 0.563 0.188
22 8 0.563 0.213
22 9 0.563 0.238
22 10 0.563 0.263
23 13 0.588 0.338
22 -24 0.563 -0.588
47 -33 1.188 -0.813
48 -32 1.213 -0.788
49 -31 1.238 -0.763
50 -30 1.263 -0.738
51 -29 1.288 -0.713
52 -28 1.313 -0.688
53 -27 1.338 -0.663
54 -26 1.363 -0.638
55 -25 1.388 -0.613
56 -24 1.413 -0.588
57 -23 1.438 -0.563
57 -22 1.438 -0.538
57 -21 1.438 -0.513
57 -20 1.438 -0.488
57 -19 1.438 -0.463
57 -18 1.438 -0.438
57 -17 1.438 -0.413
57 -16 1.438 -0.388
57 -15 1.438 -0.363
57 -14 1.438 -0.338
57 -13 1.438 -0.313
57 -12 1.438 -0.288
57 -11 1.438 -0.263
57 -10 1.438 -0.238
57 -9 1.438 -0.213
8 -26 0.213 -0.638
8 -25 0.213 -0.613
9 -24 0.238 -0.588
10 -23 0.263 -0.563
10 -22 0.263 -0.538
11 -22 0.288 -0.538
11 -21 0.288 -0.513
12 -20 0.313 -0.488
13 -19 0.338 -0.463
13 -18 0.338 -0.438
14 -17 0.363 -0.413
15 -16 0.388 -0.388
16 -14 0.413 -0.338
16 17 0.413 0.438
17 -13 0.438 -0.313
18 -12 0.463 -0.288
19 -10 0.488 -0.238
20 -9 0.513 -0.213
21 -7 0.538 -0.163
21 -6 0.538 -0.138
21 -5 0.538 -0.113
21 -4 0.538 -0.088
21 -3 0.538 -0.063
21 -2 0.538 -0.038
21 15 0.538 0.388
22 1 0.563 0.038
22 2 0.563 0.063
22 3 0.563 0.088
22 4 0.563 0.113
22 5 0.563 0.138
23 9 0.588 0.238
23 10 0.588 0.263
23 11 0.588 0.288
23 12 0.588 0.313
23 14 0.588 0.363
37 0 0.938 0.013
40 -1 1.013 -0.013
42 -2 1.063 -0.038
44 -3 1.113 -0.063
45 -3 1.138 -0.063
47 -4 1.188 -0.088
48 -33 1.213 -0.813
49 -32 1.238 -0.788
49 -5 1.238 -0.113
50 -31 1.263 -0.763
50 -5 1.263 -0.113
51 -30 1.288 -0.738
52 -29 1.313 -0.713
52 -6 1.313 -0.138
53 -28 1.338 -0.688
54 -27 1.363 -0.663
54 -7 1.363 -0.163
55 -26 1.388 -0.638
55 -7 1.388 -0.163
56 -25 1.413 -0.613
56 -8 1.413 -0.188
57 -24 1.438 -0.588
57 -8 1.438 -0.188
58 -23 1.463 -0.563
58 -22 1.463 -0.538
58 -21 1.463 -0.513
58 -20 1.463 -0.488
58 -19 1.463 -0.463
58 -18 1.463 -0.438
58 -17 1.463 -0.413
58 -16 1.463 -0.388
58 -15 1.463 -0.363
58 -14 1.463 -0.338
58 -13 1.463 -0.313
58 -12 1.463 -0.288
58 -11 1.463 -0.263
58 -10 1.463 -0.238
58 -9 1.463 -0.213
-15 -18 -0.363 -0.438
-13 -19 -0.313 -0.463
-12 -19 -0.288 -0.463
-10 -20 -0.238 -0.488
-7 -21 -0.163 -0.513
9 -25 0.238 -0.613
9 -26 0.238 -0.638
10 -26 0.263 -0.638
10 -25 0.263 -0.613
10 -24 0.263 -0.588
11 -25 0.288 -0.613
11 -24 0.288 -0.588
11 -23 0.288 -0.563
12 -24 0.313 -0.588
12 -23 0.313 -0.563
12 -22 0.313 -0.538
12 -21 0.313 -0.513
13 -22 0.338 -0.538
13 -21 0.338 -0.513
13 -20 0.338 -0.488
14 -20 0.363 -0.488
14 -19 0.363 -0.463
14 -18 0.363 -0.438
14 18 0.363 0.463
15 -19 0.388 -0.463
15 -18 0.388 -0.438
15 -17 0.388 -0.413
16 -17 0.413 -0.413
16 -16 0.413 -0.388
16 -15 0.413 -0.363
17 -15 0.438 -0.363
17 -14 0.438 -0.338
17 17 0.438 0.438
18 -14 0.463 -0.338
18 -13 0.463 -0.313
19 -12 0.488 -0.288
19 -11 0.488 -0.263
19 16 0.488 0.413
20 -10 0.513 -0.238
20 16 0.513 0.413
21 -9 0.538 -0.213
21 -8 0.538 -0.188
22 -7 0.563 -0.163
22 -6 0.563 -0.138
22 -5 0.563 -0.113
22 -4 0.563 -0.088
22 -3 0.563 -0.063
22 -2 0.563 -0.038
22 -1 0.563 -0.013
22 0 0.563 0.013
22 15 0.563 0.388
23 15 0.588 0.388
33 2 0.838 0.063
33 3 0.838 0.088
34 2 0.863 0.063
34 3 0.863 0.088
35 1 0.888 0.038
35 2 0.888 0.063
35 3 0.888 0.088
36 1 0.913 0.038
36 2 0.913 0.063
36 3 0.913 0.088
37 1 0.938 0.038
37 2 0.938 0.063
38 0 0.963 0.013
38 1 0.963 0.038
38 2 0.963 0.063
39 0 0.988 0.013
39 1 0.988 0.038
39 2 0.988 0.063
40 0 1.013 0.013
40 1 1.013 0.038
41 -1 1.038 -0.013
41 0 1.038 0.013
41 1 1.038 0.038
42 -1 1.063 -0.013
42 0 1.063 0.013
42 1 1.063 0.038
43 -2 1.088 -0.038
43 -1 1.088 -0.013
43 0 1.088 0.013
44 -2 1.113 -0.038
44 -1 1.113 -0.013
44 0 1.113 0.013
45 -2 1.138 -0.038
45 -1 1.138 -0.013
45 0 1.138 0.013
46 -3 1.163 -0.063
46 -2 1.163 -0.038
46 -1 1.163 -0.013
46 0 1.163 0.013
47 -3 1.188 -0.063
47 -2 1.188 -0.038
47 -1 1.188 -0.013
48 -4 1.213 -0.088
48 -3 1.213 -0.063
48 -2 1.213 -0.038
48 -1 1.213 -0.013
49 -4 1.238 -0.088
49 -3 1.238 -0.063
49 -2 1.238 -0.038
49 -1 1.238 -0.013
50 -4 1.263 -0.088
50 -3 1.263 -0.063
50 -2 1.263 -0.038
51 -5 1.288 -0.113
51 -4 1.288 -0.088
51 -3 1.288 -0.063
51 -2 1.288 -0.038
52 -5 1.313 -0.113
52 -4 1.313 -0.088
52 -3 1.313 -0.063
52 -2 1.313 -0.038
53 -6 1.338 -0.138
53 -5 1.338 -0.113
53 -4 1.338 -0.088
53 -3 1.338 -0.063
54 -6 1.363 -0.138
54 -5 1.363 -0.113
54 -4 1.363 -0.088
54 -3 1.363 -0.063
55 -6 1.388 -0.138
55 -5 1.388 -0.113
55 -4 1.388 -0.088
55 -3 1.388 -0.063
56 -7 1.413 -0.163
56 -6 1.413 -0.138
56 -5 1.413 -0.113
56 -4 1.413 -0.088
57 -7 1.438 -0.163
57 -6 1.438 -0.138
57 -5 1.438 -0.113
57 -4 1.438 -0.088
58 -8 1.463 -0.188
58 -7 1.463 -0.163
58 -6 1.463 -0.138
58 -5 1.463 -0.113
58 -4 1.463 -0.088
59 -20 1.488 -0.488
59 -19 1.488 -0.463
59 -18 1.488 -0.438
59 -17 1.488 -0.413
59 -16 1.488 -0.388
59 -15 1.488 -0.363
59 -14 1.488 -0.338
59 -13 1.488 -0.313
59 -12 1.488 -0.288
59 -11 1.488 -0.263
59 -10 1.488 -0.238
59 -9 1.488 -0.213
59 -8 1.488 -0.188
59 -7 1.488 -0.163
59 -6 1.488 -0.138
59 -5 1.488 -0.113
60 -19 1.513 -0.463
60 -18 1.513 -0.438
60 -17 1.513 -0.413
60 -16 1.513 -0.388
60 -15 1.513 -0.363
60 -14 1.513 -0.338
60 -13 1.513 -0.313
-13 -20 -0.313 -0.488
-12 -20 -0.288 -0.488
-11 -20 -0.263 -0.488
-9 -21 -0.213 -0.513
-8 -21 -0.188 -0.513
-5 -22 -0.113 -0.538
12 -25 0.313 -0.613
13 -25 0.338 -0.613
13 -24 0.338 -0.588
13 -23 0.338 -0.563
14 -24 0.363 -0.588
14 -23 0.363 -0.563
14 -22 0.363 -0.538
14 -21 0.363 -0.513
15 -22 0.388 -0.538
15 -21 0.388 -0.513
15 -20 0.388 -0.488
15 18 0.388 0.463
16 -20 0.413 -0.488
16 -19 0.413 -0.463
16 -18 0.413 -0.438
17 -18 0.438 -0.438
17 -17 0.438 -0.413
17 -16 0.438 -0.388
18 -16 0.463 -0.388
18 -15 0.463 -0.363
18 17 0.463 0.438
19 -14 0.488 -0.338
19 -13 0.488 -0.313
19 17 0.488 0.438
20 -12 0.513 -0.288
20 -11 0.513 -0.263
21 -10 0.538 -0.238
21 16 0.538 0.413
22 -8 0.563 -0.188
22 16 0.563 0.413
23 -6 0.588 -0.138
23 -5 0.588 -0.113
23 -4 0.588 -0.088
23 -3 0.588 -0.063
23 -2 0.588 -0.038
23 -1 0.588 -0.013
23 0 0.588 0.013
23 1 0.588 0.038
23 2 0.588 0.063
23 3 0.588 0.088
33 4 0.838 0.113
34 4 0.863 0.113
34 5 0.863 0.138
35 4 0.888 0.113
35 5 0.888 0.138
36 4 0.913 0.113
36 5 0.913 0.138
37 3 0.938 0.088
37 4 0.938 0.113
37 5 0.938 0.138
38 3 0.963 0.088
38 4 0.963 0.113
39 3 0.988 0.088
39 4 0.988 0.113
40 2 1.013 0.063
40 3 1.013 0.088
40 4 1.013 0.113
41 2 1.038 0.063
41 3 1.038 0.088
41 4 1.038 0.113
42 2 1.063 0.063
42 3 1.063 0.088
43 1 1.088 0.038
43 2 1.088 0.063
43 3 1.088 0.088
44 1 1.113 0.038
44 2 1.113 0.063
44 3 1.113 0.088
45 1 1.138 0.038
45 2 1.138 0.063
45 3 1.138 0.088
46 1 1.163 0.038
46 2 1.163 0.063
46 3 1.163 0.088
47 0 1.188 0.013
47 1 1.188 0.038
47 2 1.188 0.063
48 0 1.213 0.013
48 1 1.213 0.038
48 2 1.213 0.063
49 0 1.238 0.013
49 1 1.238 0.038
49 2 1.238 0.063
50 -1 1.263 -0.013
50 0 1.263 0.013
50 1 1.263 0.038
50 2 1.263 0.063
51 -1 1.288 -0.013
51 0 1.288 0.013
51 1 1.288 0.038
52 -1 1.313 -0.013
52 0 1.313 0.013
52 1 1.313 0.038
53 -2 1.338 -0.038
53 -1 1.338 -0.013
53 0 1.338 0.013
53 1 1.338 0.038
54 -2 1.363 -0.038
54 -1 1.363 -0.013
54 0 1.363 0.013
54 1 1.363 0.038
55 -2 1.388 -0.038
55 -1 1.388 -0.013
55 0 1.388 0.013
56 -3 1.413 -0.063
56 -2 1.413 -0.038
56 -1 1.413 -0.013
56 0 1.413 0.013
57 -3 1.438 -0.063
57 -2 1.438 -0.038
57 -1 1.438 -0.013
57 0 1.438 0.013
58 -3 1.463 -0.063
58 -2 1.463 -0.038
58 -1 1.463 -0.013
58 0 1.463 0.013
59 -4 1.488 -0.088
59 -3 1.488 -0.063
59 -2 1.488 -0.038
59 -1 1.488 -0.013
59 0 1.488 0.013
60 -12 1.513 -0.288
60 -11 1.513 -0.263
60 -10 1.513 -0.238
60 -9 1.513 -0.213
60 -8 1.513 -0.188
60 -7 1.513 -0.163
60 -6 1.513 -0.138
60 -5 1.513 -0.113
60 -4 1.513 -0.088
60 -3 1.513 -0.063
60 -2 1.513 -0.038
60 -1 1.513 -0.013
61 -16 1.538 -0.388
61 -15 1.538 -0.363
61 -14 1.538 -0.338
61 -13 1.538 -0.313
61 -12 1.538 -0.288
61 -11 1.538 -0.263
61 -10 1.538 -0.238
61 -9 1.538 -0.213
61 -8 1.538 -0.188
61 -7 1.538 -0.163
61 -6 1.538 -0.138
62 -15 1.563 -0.363
62 -14 1.563 -0.338
62 -13 1.563 -0.313
62 -12 1.563 -0.288
-11 -21 -0.263 -0.513
-10 -21 -0.238 -0.513
-6 -22 -0.138 -0.538
12 19 0.313 0.488
13 19 0.338 0.488
14 -25 0.363 -0.613
15 -25 0.388 -0.613
15 -24 0.388 -0.588
15 -23 0.388 -0.563
16 -24 0.413 -0.588
16 -23 0.413 -0.563
16 -22 0.413 -0.538
16 -21 0.413 -0.513
16 18 0.413 0.463
17 -22 0.438 -0.538
17 -21 0.438 -0.513
17 -20 0.438 -0.488
17 -19 0.438 -0.463
17 18 0.438 0.463
18 -20 0.463 -0.488
18 -19 0.463 -0.463
18 -18 0.463 -0.438
18 -17 0.463 -0.413
18 18 0.463 0.463
19 -17 0.488 -0.413
19 -16 0.488 -0.388
19 -15 0.488 -0.363
19 18 0.488 0.463
20 -15 0.513 -0.363
20 -14 0.513 -0.338
20 -13 0.513 -0.313
20 17 0.513 0.438
21 -12 0.538 -0.288
21 -11 0.538 -0.263
21 17 0.538 0.438
22 -10 0.563 -0.238
22 -9 0.563 -0.213
22 17 0.563 0.438
23 -8 0.588 -0.188
23 -7 0.588 -0.163
23 4 0.588 0.113
23 5 0.588 0.138
23 6 0.588 0.163
23 7 0.588 0.188
23 8 0.588 0.213
24 -5 0.613 -0.113
24 -4 0.613 -0.088
24 -3 0.613 -0.063
24 -2 0.613 -0.038
24 -1 0.613 -0.013
24 0 0.613 0.013
33 5 0.838 0.138
34 6 0.863 0.163
34 7 0.863 0.188
35 6 0.888 0.163
35 7 0.888 0.188
36 6 0.913 0.163
36 7 0.913 0.188
37 6 0.938 0.163
37 7 0.938 0.188
38 5 0.963 0.138
38 6 0.963 0.163
38 7 0.963 0.188
39 5 0.988 0.138
39 6 0.988 0.163
39 7 0.988 0.188
40 5 1.013 0.138
40 6 1.013 0.163
41 5 1.038 0.138
41 6 1.038 0.163
42 4 1.063 0.113
42 5 1.063 0.138
42 6 1.063 0.163
43 4 1.088 0.113
43 5 1.088 0.138
43 6 1.088 0.163
44 4 1.113 0.113
44 5 1.113 0.138
44 6 1.113 0.163
45 4 1.138 0.113
45 5 1.138 0.138
45 6 1.138 0.163
46 4 1.163 0.113
46 5 1.163 0.138
46 6 1.163 0.163
47 3 1.188 0.088
47 4 1.188 0.113
47 5 1.188 0.138
48 3 1.213 0.088
48 4 1.213 0.113
48 5 1.213 0.138
49 3 1.238 0.088
49 4 1.238 0.113
49 5 1.238 0.138
50 3 1.263 0.088
50 4 1.263 0.113
50 5 1.263 0.138
51 2 1.288 0.063
51 3 1.288 0.088
51 4 1.288 0.113
51 5 1.288 0.138
52 2 1.313 0.063
52 3 1.313 0.088
52 4 1.313 0.113
52 5 1.313 0.138
53 2 1.338 0.063
53 3 1.338 0.088
53 4 1.338 0.113
54 2 1.363 0.063
54 3 1.363 0.088
54 4 1.363 0.113
55 1 1.388 0.038
55 2 1.388 0.063
55 3 1.388 0.088
55 4 1.388 0.113
56 1 1.413 0.038
56 2 1.413 0.063
56 3 1.413 0.088
56 4 1.413 0.113
57 1 1.438 0.038
57 2 1.438 0.063
57 3 1.438 0.088
57 4 1.438 0.113
58 1 1.463 0.038
58 2 1.463 0.063
58 3 1.463 0.088
58 4 1.463 0.113
59 1 1.488 0.038
59 2 1.488 0.063
59 3 1.488 0.088
59 4 1.488 0.113
60 0 1.513 0.013
60 1 1.513 0.038
60 2 1.513 0.063
60 3 1.513 0.088
61 -5 1.538 -0.113
61 -4 1.538 -0.088
61 -3 1.538 -0.063
61 -2 1.538 -0.038
61 -1 1.538 -0.013
61 0 1.538 0.013
61 1 1.538 0.038
62 -11 1.563 -0.263
62 -10 1.563 -0.238
62 -9 1.563 -0.213
62 -8 1.563 -0.188
62 -7 1.563 -0.163
62 -6 1.563 -0.138
62 -5 1.563 -0.113
62 -4 1.563 -0.088
62 -3 1.563 -0.063
63 -12 1.588 -0.288
63 -11 1.588 -0.263
63 -10 1.588 -0.238
63 -9 1.588 -0.213
63 -8 1.588 -0.188
63 -7 1.588 -0.163
-8 -22 -0.188 -0.538
-7 -22 -0.163 -0.538
-4 -23 -0.088 -0.563
-3 -23 -0.063 -0.563
-2 -23 -0.038 -0.563
14 19 0.363 0.488
15 19 0.388 0.488
16 19 0.413 0.488
17 -24 0.438 -0.588
17 -23 0.438 -0.563
17 19 0.438 0.488
18 -24 0.463 -0.588
18 -23 0.463 -0.563
18 -22 0.463 -0.538
18 -21 0.463 -0.513
19 -22 0.488 -0.538
19 -21 0.488 -0.513
19 -20 0.488 -0.488
19 -19 0.488 -0.463
19 -18 0.488 -0.438
20 -19 0.513 -0.463
20 -18 0.513 -0.438
20 -17 0.513 -0.413
20 -16 0.513 -0.388
20 18 0.513 0.463
21 -16 0.538 -0.388
21 -15 0.538 -0.363
21 -14 0.538 -0.338
21 -13 0.538 -0.313
21 18 0.538 0.463
22 -13 0.563 -0.313
22 -12 0.563 -0.288
22 -11 0.563 -0.263
23 -10 0.588 -0.238
23 -9 0.588 -0.213
24 -7 0.613 -0.163
24 -6 0.613 -0.138
24 1 0.613 0.038
24 2 0.613 0.063
24 3 0.613 0.088
24 4 0.613 0.113
24 5 0.613 0.138
25 -4 0.638 -0.088
25 -3 0.638 -0.063
25 -2 0.638 -0.038
25 -1 0.638 -0.013
34 8 0.863 0.213
34 9 0.863 0.238
35 8 0.888 0.213
35 9 0.888 0.238
36 8 0.913 0.213
36 9 0.913 0.238
37 8 0.938 0.213
37 9 0.938 0.238
38 8 0.963 0.213
38 9 0.963 0.238
39 8 0.988 0.213
39 9 0.988 0.238
40 7 1.013 0.188
40 8 1.013 0.213
40 9 1.013 0.238
41 7 1.038 0.188
41 8 1.038 0.213
41 9 1.038 0.238
42 7 1.063 0.188
42 8 1.063 0.213
42 9 1.063 0.238
43 7 1.088 0.188
43 8 1.088 0.213
43 9 1.088 0.238
44 7 1.113 0.188
44 8 1.113 0.213
45 7 1.138 0.188
45 8 1.138 0.213
46 7 1.163 0.188
46 8 1.163 0.213
47 6 1.188 0.163
47 7 1.188 0.188
47 8 1.188 0.213
48 6 1.213 0.163
48 7 1.213 0.188
48 8 1.213 0.213
49 6 1.238 0.163
49 7 1.238 0.188
49 8 1.238 0.213
50 6 1.263 0.163
50 7 1.263 0.188
50 8 1.263 0.213
51 6 1.288 0.163
51 7 1.288 0.188
51 8 1.288 0.213
52 6 1.313 0.163
52 7 1.313 0.188
52 8 1.313 0.213
53 5 1.338 0.138
53 6 1.338 0.163
53 7 1.338 0.188
53 8 1.338 0.213
54 5 1.363 0.138
54 6 1.363 0.163
54 7 1.363 0.188
54 8 1.363 0.213
55 5 1.388 0.138
55 6 1.388 0.163
55 7 1.388 0.188
55 8 1.388 0.213
56 5 1.413 0.138
56 6 1.413 0.163
56 7 1.413 0.188
56 8 1.413 0.213
57 5 1.438 0.138
57 6 1.438 0.163
57 7 1.438 0.188
57 8 1.438 0.213
58 5 1.463 0.138
58 6 1.463 0.163
58 7 1.463 0.188
59 5 1.488 0.138
59 6 1.488 0.163
59 7 1.488 0.188
60 4 1.513 0.113
60 5 1.513 0.138
60 6 1.513 0.163
60 7 1.513 0.188
61 2 1.538 0.063
61 3 1.538 0.088
61 4 1.538 0.113
61 5 1.538 0.138
61 6 1.538 0.163
62 -2 1.563 -0.038
62 -1 1.563 -0.013
62 0 1.563 0.013
62 1 1.563 0.038
62 2 1.563 0.063
62 3 1.563 0.088
63 -6 1.588 -0.138
63 -5 1.588 -0.113
63 -4 1.588 -0.088
63 -3 1.588 -0.063
63 -2 1.588 -0.038
63 -1 1.588 -0.013
63 0 1.588 0.013
64 -8 1.613 -0.188
64 -7 1.613 -0.163
64 -6 1.613 -0.138
64 -5 1.613 -0.113
64 -4 1.613 -0.088
64 -3 1.613 -0.063
65 -6 1.638 -0.138
-6 -23 -0.138 -0.563
-5 -23 -0.113 -0.563
18 19 0.463 0.488
19 -23 0.488 -0.563
19 19 0.488 0.488
20 19 0.513 0.488
21 -17 0.538 -0.413
21 19 0.538 0.488
22 -14 0.563 -0.338
23 -12 0.588 -0.288
23 -11 0.588 -0.263
24 -10 0.613 -0.238
24 -9 0.613 -0.213
24 -8 0.613 -0.188
24 6 0.613 0.163
24 7 0.613 0.188
25 -6 0.638 -0.138
25 -5 0.638 -0.113
25 0 0.638 0.013
25 1 0.638 0.038
25 2 0.638 0.063
25 3 0.638 0.088
26 -2 0.663 -0.038
26 -1 0.663 -0.013
34 10 0.863 0.263
34 11 0.863 0.288
35 10 0.888 0.263
35 11 0.888 0.288
36 10 0.913 0.263
36 11 0.913 0.288
37 10 0.938 0.263
37 11 0.938 0.288
38 10 0.963 0.263
38 11 0.963 0.288
39 10 0.988 0.263
39 11 0.988 0.288
40 10 1.013 0.263
40 11 1.013 0.288
41 10 1.038 0.263
41 11 1.038 0.288
42 10 1.063 0.263
42 11 1.063 0.288
43 10 1.088 0.263
43 11 1.088 0.288
44 9 1.113 0.238
44 10 1.113 0.263
44 11 1.113 0.288
45 9 1.138 0.238
45 10 1.138 0.263
45 11 1.138 0.288
46 9 1.163 0.238
46 10 1.163 0.263
46 11 1.163 0.288
47 9 1.188 0.238
47 10 1.188 0.263
47 11 1.188 0.288
48 9 1.213 0.238
48 10 1.213 0.263
48 11 1.213 0.288
49 9 1.238 0.238
49 10 1.238 0.263
49 11 1.238 0.288
50 9 1.263 0.238
50 10 1.263 0.263
50 11 1.263 0.288
51 9 1.288 0.238
51 10 1.288 0.263
51 11 1.288 0.288
52 9 1.313 0.238
52 10 1.313 0.263
52 11 1.313 0.288
53 9 1.338 0.238
53 10 1.338 0.263
53 11 1.338 0.288
54 9 1.363 0.238
54 10 1.363 0.263
54 11 1.363 0.288
55 9 1.388 0.238
55 10 1.388 0.263
55 11 1.388 0.288
56 9 1.413 0.238
56 10 1.413 0.263
56 11 1.413 0.288
57 9 1.438 0.238
57 10 1.438 0.263
57 11 1.438 0.288
58 8 1.463 0.213
58 9 1.463 0.238
58 10 1.463 0.263
58 11 1.463 0.288
59 8 1.488 0.213
59 9 1.488 0.238
59 10 1.488 0.263
59 11 1.488 0.288
60 8 1.513 0.213
60 9 1.513 0.238
60 10 1.513 0.263
60 11 1.513 0.288
61 7 1.538 0.188
61 8 1.538 0.213
61 9 1.538 0.238
61 10 1.538 0.263
61 11 1.538 0.288
62 4 1.563 0.113
62 5 1.563 0.138
62 6 1.563 0.163
62 7 1.563 0.188
62 8 1.563 0.213
63 1 1.588 0.038
63 2 1.588 0.063
63 3 1.588 0.088
63 4 1.588 0.113
63 5 1.588 0.138
63 6 1.588 0.163
64 -2 1.613 -0.038
64 -1 1.613 -0.013
64 0 1.613 0.013
64 1 1.613 0.038
64 2 1.613 0.063
64 3 1.613 0.088
64 4 1.613 0.113
65 -4 1.638 -0.088
65 -3 1.638 -0.063
65 -2 1.638 -0.038
65 -1 1.638 -0.013
65 0 1.638 0.013
65 1 1.638 0.038
66 -2 1.663 -0.038
66 -1 1.663 -0.013
