-54 -24 -1.338 -0.588
-53 -25 -1.313 -0.613
-52 -26 -1.288 -0.638
-51 -27 -1.263 -0.663
-50 -28 -1.238 -0.688
-49 -29 -1.213 -0.713
-48 -30 -1.188 -0.738
-47 -31 -1.163 -0.763
-46 -32 -1.138 -0.788
-45 -33 -1.113 -0.813
-44 -33 -1.088 -0.813
-41 -32 -1.013 -0.788
-34 -29 -0.838 -0.713
-29 -27 -0.713 -0.663
-24 -25 -0.588 -0.613
-22 -24 -0.538 -0.588
-21 13 -0.513 0.338
-21 14 -0.513 0.363
-21 15 -0.513 0.388
-20 6 -0.488 0.163
-20 7 -0.488 0.188
-19 -1 -0.463 -0.013
-19 0 -0.463 0.013
-18 -7 -0.438 -0.163
-18 -6 -0.438 -0.138
-17 -9 -0.413 -0.213
-16 17 -0.388 0.438
-14 -13 -0.338 -0.313
-11 -17 -0.263 -0.413
-8 -21 -0.188 -0.513
-5 -25 -0.113 -0.613
-4 22 -0.088 0.563
1 24 0.038 0.613
-55 -23 -1.363 -0.563
-55 -22 -1.363 -0.538
-55 -21 -1.363 -0.513
-55 -20 -1.363 -0.488
-55 -19 -1.363 -0.463
-55 -18 -1.363 -0.438
-55 -17 -1.363 -0.413
-55 -16 -1.363 -0.388
-55 -15 -1.363 -0.363
-55 -14 -1.363 -0.338
-55 -13 -1.363 -0.313
-55 -12 -1.363 -0.288
-55 -11 -1.363 -0.263
-55 -10 -1.363 -0.238
-55 -9 -1.363 -0.213
-55 -8 -1.363 -0.188
-21 12 -0.513 0.313
-21 10 -0.513 0.263
-21 11 -0.513 0.288
-20 3 -0.488 0.088
-20 4 -0.488 0.113
-20 5 -0.488 0.138
-19 -3 -0.463 -0.063
-19 -2 -0.463 -0.038
-18 -8 -0.438 -0.188
-17 -10 -0.413 -0.238
-16 -11 -0.388 -0.263
-15 -12 -0.363 -0.288
-14 -14 -0.338 -0.338
-13 -15 -0.313 -0.363
-12 -16 -0.288 -0.388
-11 -18 -0.263 -0.438
-10 -19 -0.238 -0.463
-9 -20 -0.213 -0.488
-8 -22 -0.188 -0.538
-7 -23 -0.163 -0.563
-6 -24 -0.138 -0.588
9 -20 0.238 -0.488
-55 -24 -1.363 -0.588
-54 -25 -1.338 -0.613
-53 -26 -1.313 -0.638
-52 -27 -1.288 -0.663
-51 -28 -1.263 -0.688
-50 -29 -1.238 -0.713
-49 -30 -1.213 -0.738
-48 -31 -1.188 -0.763
-47 -32 -1.163 -0.788
-46 -33 -1.138 -0.813
-36 -30 -0.888 -0.738
-21 8 -0.513 0.213
-21 9 -0.513 0.238
-20 1 -0.488 0.038
-20 2 -0.488 0.063
-19 -5 -0.463 -0.113
-19 -4 -0.463 -0.088
-18 -9 -0.438 -0.213
-15 -13 -0.363 -0.313
-12 -17 -0.288 -0.413
-9 -21 -0.213 -0.513
-6 -25 -0.138 -0.613
-22 12 -0.538 0.313
-22 13 -0.538 0.338
-22 14 -0.538 0.363
-21 7 -0.513 0.188
-21 5 -0.513 0.138
-21 6 -0.513 0.163
-20 -1 -0.488 -0.013
-20 0 -0.488 0.013
-19 -6 -0.463 -0.138
-19 -8 -0.463 -0.188
-19 -7 -0.463 -0.163
-17 -11 -0.413 -0.263
-16 -12 -0.388 -0.288
-14 -15 -0.338 -0.363
-13 -16 -0.313 -0.388
-11 -19 -0.263 -0.463
-10 -20 -0.238 -0.488
-8 -23 -0.188 -0.563
-7 -24 -0.163 -0.588
-3 -25 -0.063 -0.613
14 -18 0.363 -0.438
-56 -24 -1.388 -0.588
-56 -23 -1.388 -0.563
-56 -22 -1.388 -0.538
-56 -21 -1.388 -0.513
-56 -20 -1.388 -0.488
-56 -19 -1.388 -0.463
-56 -18 -1.388 -0.438
-56 -17 -1.388 -0.413
-56 -16 -1.388 -0.388
-56 -15 -1.388 -0.363
-56 -14 -1.388 -0.338
-56 -13 -1.388 -0.313
-56 -12 -1.388 -0.288
-56 -11 -1.388 -0.263
-56 -10 -1.388 -0.238
-56 -9 -1.388 -0.213
-55 -25 -1.363 -0.613
-54 -26 -1.338 -0.638
-53 -27 -1.313 -0.663
-52 -28 -1.288 -0.688
-51 -29 -1.263 -0.713
-50 -30 -1.238 -0.738
-49 -31 -1.213 -0.763
-48 -32 -1.188 -0.788
-47 -33 -1.163 -0.813
-43 -33 -1.063 -0.813
-31 -28 -0.763 -0.688
-22 10 -0.538 0.263
-22 11 -0.538 0.288
-21 3 -0.513 0.088
-21 4 -0.513 0.113
-20 -4 -0.488 -0.088
-20 -3 -0.488 -0.063
-20 -2 -0.488 -0.038
-19 -9 -0.463 -0.213
-18 -10 -0.438 -0.238
-16 -13 -0.388 -0.313
-15 -14 -0.363 -0.338
-13 -17 -0.313 -0.413
-12 -18 -0.288 -0.438
-10 -21 -0.238 -0.513
-9 -22 -0.213 -0.538
-7 -25 -0.163 -0.613
-22 9 -0.538 0.238
-22 7 -0.538 0.188
-22 8 -0.538 0.213
-21 0 -0.513 0.013
-21 1 -0.513 0.038
-21 2 -0.513 0.063
-20 -6 -0.488 -0.138
-20 -5 -0.488 -0.113
-18 -11 -0.438 -0.263
-17 -12 -0.413 -0.288
-15 -15 -0.363 -0.363
-14 -16 -0.338 -0.388
-12 -19 -0.288 -0.463
-11 -20 -0.263 -0.488
-9 -23 -0.213 -0.563
-8 -24 -0.188 -0.588
-6 -26 -0.138 -0.638
2 -23 0.063 -0.563
