-2 -23 -0.038 -0.563
3 -20 0.088 -0.488
7 24 0.188 0.613
8 -17 0.213 -0.413
8 23 0.213 0.588
9 22 0.238 0.563
10 21 0.263 0.538
11 20 0.288 0.513
12 19 0.313 0.488
13 -14 0.338 -0.338
13 18 0.338 0.463
14 17 0.363 0.438
15 -12 0.388 -0.288
15 16 0.388 0.413
16 -10 0.413 -0.238
16 15 0.413 0.388
17 14 0.438 0.363
18 13 0.463 0.338
19 -5 0.488 -0.113
19 12 0.488 0.313
20 -3 0.513 -0.063
20 11 0.513 0.288
21 10 0.538 0.263
22 0 0.563 0.013
22 9 0.563 0.238
23 2 0.588 0.063
23 8 0.588 0.213
24 7 0.613 0.188
25 5 0.638 0.138
25 6 0.638 0.163
35 -45 0.888 -1.113
37 -44 0.938 -1.088
43 -40 1.088 -0.988
44 -38 1.113 -0.938
45 -35 1.138 -0.863
46 -33 1.163 -0.813
-6 -25 -0.138 -0.613
-5 -25 -0.113 -0.613
-3 -24 -0.063 -0.588
0 -22 0.013 -0.538
2 -21 0.063 -0.513
5 -19 0.138 -0.463
7 -18 0.188 -0.438
10 -16 0.263 -0.388
12 -15 0.313 -0.363
18 -7 0.463 -0.163
21 -2 0.538 -0.038
24 3 0.613 0.088
31 -47 0.788 -1.163
33 -46 0.838 -1.138
38 -44 0.963 -1.088
40 -43 1.013 -1.063
42 -42 1.063 -1.038
45 -36 1.138 -0.888
47 -31 1.188 -0.763
-1 -23 -0.013 -0.563
4 -20 0.113 -0.488
9 -17 0.238 -0.413
14 -14 0.363 -0.338
16 -11 0.413 -0.263
17 -9 0.438 -0.213
19 -6 0.488 -0.138
20 -4 0.513 -0.088
22 -1 0.563 -0.013
23 1 0.588 0.038
36 -45 0.913 -1.113
43 -41 1.088 -1.013
44 -39 1.113 -0.963
46 -34 1.163 -0.838
47 -32 1.188 -0.788
48 -29 1.213 -0.713
-4 -25 -0.088 -0.613
-2 -24 -0.038 -0.588
1 -22 0.038 -0.538
3 -21 0.088 -0.513
6 -19 0.163 -0.463
11 -16 0.288 -0.388
15 -13 0.388 -0.313
18 -8 0.463 -0.188
21 -3 0.538 -0.063
24 2 0.613 0.063
25 4 0.638 0.113
29 -48 0.738 -1.188
30 -48 0.763 -1.188
32 -47 0.813 -1.163
34 -46 0.863 -1.138
39 -44 0.988 -1.088
41 -43 1.038 -1.063
43 -42 1.088 -1.038
45 -37 1.138 -0.913
0 -23 0.013 -0.563
5 -20 0.138 -0.488
8 -18 0.213 -0.438
13 -15 0.338 -0.363
16 -12 0.413 -0.288
17 -10 0.438 -0.238
19 -7 0.488 -0.163
20 -5 0.513 -0.113
23 0 0.588 0.013
37 -45 0.938 -1.113
44 -40 1.113 -0.988
45 -38 1.138 -0.938
46 -35 1.163 -0.863
47 -33 1.188 -0.813
48 -30 1.213 -0.738
-3 -25 -0.063 -0.613
2 -22 0.063 -0.538
7 -19 0.188 -0.463
10 -17 0.263 -0.413
12 -16 0.313 -0.388
15 -14 0.388 -0.338
18 -9 0.463 -0.213
22 -2 0.563 -0.038
25 3 0.638 0.088
31 -48 0.788 -1.188
33 -47 0.838 -1.163
35 -46 0.888 -1.138
40 -44 1.013 -1.088
42 -43 1.063 -1.063
48 -31 1.213 -0.763
