-18 -1 -0.438 -0.013
-18 0 -0.438 0.013
-18 1 -0.438 0.038
-18 -3 -0.438 -0.063
-18 -2 -0.438 -0.038
-18 2 -0.438 0.063
-18 -4 -0.438 -0.088
-18 3 -0.438 0.088
-18 4 -0.438 0.113
-17 -5 -0.413 -0.113
-17 -4 -0.413 -0.088
-17 -3 -0.413 -0.063
-17 -2 -0.413 -0.038
-17 -1 -0.413 -0.013
-17 0 -0.413 0.013
-17 1 -0.413 0.038
-17 2 -0.413 0.063
-17 3 -0.413 0.088
-17 4 -0.413 0.113
-17 5 -0.413 0.138
-17 -7 -0.413 -0.163
-17 -6 -0.413 -0.138
-17 6 -0.413 0.163
-17 -8 -0.413 -0.188
-17 7 -0.413 0.188
-17 8 -0.413 0.213
-16 -9 -0.388 -0.213
-16 -8 -0.388 -0.188
-16 -7 -0.388 -0.163
-16 -6 -0.388 -0.138
-16 -5 -0.388 -0.113
-16 -4 -0.388 -0.088
-16 -3 -0.388 -0.063
-16 -2 -0.388 -0.038
-16 -1 -0.388 -0.013
-16 0 -0.388 0.013
-16 1 -0.388 0.038
-16 2 -0.388 0.063
-16 3 -0.388 0.088
-16 4 -0.388 0.113
-16 5 -0.388 0.138
-16 6 -0.388 0.163
-16 7 -0.388 0.188
-16 8 -0.388 0.213
-16 9 -0.388 0.238
-16 -11 -0.388 -0.263
-16 -10 -0.388 -0.238
-16 10 -0.388 0.263
-16 -12 -0.388 -0.288
-16 11 -0.388 0.288
-16 12 -0.388 0.313
-15 -13 -0.363 -0.313
-15 -12 -0.363 -0.288
-15 -11 -0.363 -0.263
-15 -10 -0.363 -0.238
-15 -9 -0.363 -0.213
-15 -8 -0.363 -0.188
-15 -7 -0.363 -0.163
-15 -6 -0.363 -0.138
-15 -5 -0.363 -0.113
-15 -4 -0.363 -0.088
-15 -3 -0.363 -0.063
-15 -2 -0.363 -0.038
-15 -1 -0.363 -0.013
-15 0 -0.363 0.013
-15 1 -0.363 0.038
-15 2 -0.363 0.063
-15 3 -0.363 0.088
-15 4 -0.363 0.113
-15 5 -0.363 0.138
-15 6 -0.363 0.163
-15 7 -0.363 0.188
-15 8 -0.363 0.213
-15 9 -0.363 0.238
-15 10 -0.363 0.263
-15 11 -0.363 0.288
-15 12 -0.363 0.313
-15 13 -0.363 0.338
-15 -14 -0.363 -0.338
-15 14 -0.363 0.363
-15 -16 -0.363 -0.388
-15 -15 -0.363 -0.363
-15 15 -0.363 0.388
-15 16 -0.363 0.413
-14 -17 -0.338 -0.413
-14 -16 -0.338 -0.388
-14 -15 -0.338 -0.363
-14 -14 -0.338 -0.338
-14 -13 -0.338 -0.313
-14 -12 -0.338 -0.288
-14 -11 -0.338 -0.263
-14 -10 -0.338 -0.238
-14 -9 -0.338 -0.213
-14 -8 -0.338 -0.188
-14 -7 -0.338 -0.163
-14 -6 -0.338 -0.138
-14 -5 -0.338 -0.113
-14 -4 -0.338 -0.088
-14 -3 -0.338 -0.063
-14 -2 -0.338 -0.038
-14 -1 -0.338 -0.013
-14 0 -0.338 0.013
-14 1 -0.338 0.038
-14 2 -0.338 0.063
-14 3 -0.338 0.088
-14 4 -0.338 0.113
-14 5 -0.338 0.138
-14 6 -0.338 0.163
-14 7 -0.338 0.188
-14 8 -0.338 0.213
-14 9 -0.338 0.238
-14 10 -0.338 0.263
-14 11 -0.338 0.288
-14 12 -0.338 0.313
-14 13 -0.338 0.338
-14 14 -0.338 0.363
-14 15 -0.338 0.388
-14 16 -0.338 0.413
-14 17 -0.338 0.438
-14 -18 -0.338 -0.438
-14 18 -0.338 0.463
-14 -20 -0.338 -0.488
-14 -19 -0.338 -0.463
-14 19 -0.338 0.488
-14 20 -0.338 0.513
-13 -21 -0.313 -0.513
-13 -20 -0.313 -0.488
-13 -19 -0.313 -0.463
-13 -18 -0.313 -0.438
-13 -17 -0.313 -0.413
-13 -16 -0.313 -0.388
-13 -15 -0.313 -0.363
-13 -14 -0.313 -0.338
-13 -13 -0.313 -0.313
-13 -12 -0.313 -0.288
-13 -11 -0.313 -0.263
-13 -10 -0.313 -0.238
-13 -9 -0.313 -0.213
-13 -8 -0.313 -0.188
-13 -7 -0.313 -0.163
-13 -6 -0.313 -0.138
-13 -5 -0.313 -0.113
-13 -4 -0.313 -0.088
-13 -3 -0.313 -0.063
-13 -2 -0.313 -0.038
-13 -1 -0.313 -0.013
-13 0 -0.313 0.013
-13 1 -0.313 0.038
-13 2 -0.313 0.063
-13 3 -0.313 0.088
-13 4 -0.313 0.113
-13 5 -0.313 0.138
-13 6 -0.313 0.163
-13 7 -0.313 0.188
-13 8 -0.313 0.213
-13 9 -0.313 0.238
-13 10 -0.313 0.263
-13 11 -0.313 0.288
-13 12 -0.313 0.313
-13 13 -0.313 0.338
-13 14 -0.313 0.363
-13 15 -0.313 0.388
-13 16 -0.313 0.413
-13 17 -0.313 0.438
-13 18 -0.313 0.463
-13 19 -0.313 0.488
-13 20 -0.313 0.513
-13 21 -0.313 0.538
-12 -21 -0.288 -0.513
-12 -20 -0.288 -0.488
-12 -19 -0.288 -0.463
-12 -18 -0.288 -0.438
-12 -17 -0.288 -0.413
-12 -16 -0.288 -0.388
-12 -15 -0.288 -0.363
-12 -14 -0.288 -0.338
-12 -13 -0.288 -0.313
-12 -12 -0.288 -0.288
-12 -11 -0.288 -0.263
-12 -10 -0.288 -0.238
-12 -9 -0.288 -0.213
-12 -8 -0.288 -0.188
-12 -7 -0.288 -0.163
-12 -6 -0.288 -0.138
-12 -5 -0.288 -0.113
-12 -4 -0.288 -0.088
-12 -3 -0.288 -0.063
-12 -2 -0.288 -0.038
-12 -1 -0.288 -0.013
-12 0 -0.288 0.013
-12 1 -0.288 0.038
-12 2 -0.288 0.063
-12 3 -0.288 0.088
-12 4 -0.288 0.113
-12 5 -0.288 0.138
-12 6 -0.288 0.163
-12 7 -0.288 0.188
-12 8 -0.288 0.213
-12 9 -0.288 0.238
-12 10 -0.288 0.263
-12 11 -0.288 0.288
-12 12 -0.288 0.313
-12 13 -0.288 0.338
-12 14 -0.288 0.363
-12 15 -0.288 0.388
-12 16 -0.288 0.413
-12 17 -0.288 0.438
-12 18 -0.288 0.463
-12 19 -0.288 0.488
-12 20 -0.288 0.513
-12 21 -0.288 0.538
-11 -21 -0.263 -0.513
-11 -20 -0.263 -0.488
-11 -19 -0.263 -0.463
-11 -18 -0.263 -0.438
-11 -17 -0.263 -0.413
-11 -16 -0.263 -0.388
-11 -15 -0.263 -0.363
-11 -14 -0.263 -0.338
-11 -13 -0.263 -0.313
-11 -12 -0.263 -0.288
-11 -11 -0.263 -0.263
-11 -10 -0.263 -0.238
-11 -9 -0.263 -0.213
-11 -8 -0.263 -0.188
-11 -7 -0.263 -0.163
-11 -6 -0.263 -0.138
-11 -5 -0.263 -0.113
-11 -4 -0.263 -0.088
-11 -3 -0.263 -0.063
-11 -2 -0.263 -0.038
-11 -1 -0.263 -0.013
-11 0 -0.263 0.013
-11 1 -0.263 0.038
-11 2 -0.263 0.063
-11 3 -0.263 0.088
-11 4 -0.263 0.113
-11 5 -0.263 0.138
-11 6 -0.263 0.163
-11 7 -0.263 0.188
-11 8 -0.263 0.213
-11 9 -0.263 0.238
-11 10 -0.263 0.263
-11 11 -0.263 0.288
-11 12 -0.263 0.313
-11 13 -0.263 0.338
-11 14 -0.263 0.363
-11 15 -0.263 0.388
-11 16 -0.263 0.413
-11 17 -0.263 0.438
-11 18 -0.263 0.463
-11 19 -0.263 0.488
-11 20 -0.263 0.513
-11 21 -0.263 0.538
-10 -21 -0.238 -0.513
-10 -20 -0.238 -0.488
-10 -19 -0.238 -0.463
-10 -18 -0.238 -0.438
-10 -17 -0.238 -0.413
-10 -16 -0.238 -0.388
-10 -15 -0.238 -0.363
-10 -14 -0.238 -0.338
-10 -13 -0.238 -0.313
-10 -12 -0.238 -0.288
-10 -11 -0.238 -0.263
-10 -10 -0.238 -0.238
-10 -9 -0.238 -0.213
-10 -8 -0.238 -0.188
-10 -7 -0.238 -0.163
-10 -6 -0.238 -0.138
-10 -5 -0.238 -0.113
-10 -4 -0.238 -0.088
-10 -3 -0.238 -0.063
-10 -2 -0.238 -0.038
-10 -1 -0.238 -0.013
-10 0 -0.238 0.013
-10 1 -0.238 0.038
-10 2 -0.238 0.063
-10 3 -0.238 0.088
-10 4 -0.238 0.113
-10 5 -0.238 0.138
-10 6 -0.238 0.163
-10 7 -0.238 0.188
-10 8 -0.238 0.213
-10 9 -0.238 0.238
-10 10 -0.238 0.263
-10 11 -0.238 0.288
-10 12 -0.238 0.313
-10 13 -0.238 0.338
-10 14 -0.238 0.363
-10 15 -0.238 0.388
-10 16 -0.238 0.413
-10 17 -0.238 0.438
-10 18 -0.238 0.463
-10 19 -0.238 0.488
-10 20 -0.238 0.513
-10 21 -0.238 0.538
-9 -21 -0.213 -0.513
-9 -20 -0.213 -0.488
-9 -19 -0.213 -0.463
-9 -18 -0.213 -0.438
-9 -17 -0.213 -0.413
-9 -16 -0.213 -0.388
-9 -15 -0.213 -0.363
-9 -14 -0.213 -0.338
-9 -13 -0.213 -0.313
-9 -12 -0.213 -0.288
-9 -11 -0.213 -0.263
-9 -10 -0.213 -0.238
-9 -9 -0.213 -0.213
-9 -8 -0.213 -0.188
-9 -7 -0.213 -0.163
-9 -6 -0.213 -0.138
-9 -5 -0.213 -0.113
-9 -4 -0.213 -0.088
-9 -3 -0.213 -0.063
-9 -2 -0.213 -0.038
-9 -1 -0.213 -0.013
-9 0 -0.213 0.013
-9 1 -0.213 0.038
-9 2 -0.213 0.063
-9 3 -0.213 0.088
-9 4 -0.213 0.113
-9 5 -0.213 0.138
-9 6 -0.213 0.163
-9 7 -0.213 0.188
-9 8 -0.213 0.213
-9 9 -0.213 0.238
-9 10 -0.213 0.263
-9 11 -0.213 0.288
-9 12 -0.213 0.313
-9 13 -0.213 0.338
-9 14 -0.213 0.363
-9 15 -0.213 0.388
-9 16 -0.213 0.413
-9 17 -0.213 0.438
-9 18 -0.213 0.463
-9 19 -0.213 0.488
-9 20 -0.213 0.513
-9 21 -0.213 0.538
-8 -21 -0.188 -0.513
-8 -20 -0.188 -0.488
-8 -19 -0.188 -0.463
-8 -18 -0.188 -0.438
-8 -17 -0.188 -0.413
-8 -16 -0.188 -0.388
-8 -15 -0.188 -0.363
-8 -14 -0.188 -0.338
-8 -13 -0.188 -0.313
-8 -12 -0.188 -0.288
-8 -11 -0.188 -0.263
-8 -10 -0.188 -0.238
-8 -9 -0.188 -0.213
-8 -8 -0.188 -0.188
-8 -7 -0.188 -0.163
-8 -6 -0.188 -0.138
-8 -5 -0.188 -0.113
-8 -4 -0.188 -0.088
-8 -3 -0.188 -0.063
-8 -2 -0.188 -0.038
-8 -1 -0.188 -0.013
-8 0 -0.188 0.013
-8 1 -0.188 0.038
-8 2 -0.188 0.063
-8 3 -0.188 0.088
-8 4 -0.188 0.113
-8 5 -0.188 0.138
-8 6 -0.188 0.163
-8 7 -0.188 0.188
-8 8 -0.188 0.213
-8 9 -0.188 0.238
-8 10 -0.188 0.263
-8 11 -0.188 0.288
-8 12 -0.188 0.313
-8 13 -0.188 0.338
-8 14 -0.188 0.363
-8 15 -0.188 0.388
-8 16 -0.188 0.413
-8 17 -0.188 0.438
-8 18 -0.188 0.463
-8 19 -0.188 0.488
-8 20 -0.188 0.513
-8 21 -0.188 0.538
-7 -21 -0.163 -0.513
-7 -20 -0.163 -0.488
-7 -19 -0.163 -0.463
-7 -18 -0.163 -0.438
-7 -17 -0.163 -0.413
-7 -16 -0.163 -0.388
-7 -15 -0.163 -0.363
-7 -14 -0.163 -0.338
-7 -13 -0.163 -0.313
-7 -12 -0.163 -0.288
-7 -11 -0.163 -0.263
-7 -10 -0.163 -0.238
-7 -9 -0.163 -0.213
-7 -8 -0.163 -0.188
-7 -7 -0.163 -0.163
-7 -6 -0.163 -0.138
-7 -5 -0.163 -0.113
-7 -4 -0.163 -0.088
-7 -3 -0.163 -0.063
-7 -2 -0.163 -0.038
-7 -1 -0.163 -0.013
-7 0 -0.163 0.013
-7 1 -0.163 0.038
-7 2 -0.163 0.063
-7 3 -0.163 0.088
-7 4 -0.163 0.113
-7 5 -0.163 0.138
-7 6 -0.163 0.163
-7 7 -0.163 0.188
-7 8 -0.163 0.213
-7 9 -0.163 0.238
-7 10 -0.163 0.263
-7 11 -0.163 0.288
-7 12 -0.163 0.313
-7 13 -0.163 0.338
-7 14 -0.163 0.363
-7 15 -0.163 0.388
-7 16 -0.163 0.413
-7 17 -0.163 0.438
-7 18 -0.163 0.463
-7 19 -0.163 0.488
-7 20 -0.163 0.513
-7 21 -0.163 0.538
-6 -21 -0.138 -0.513
-6 -20 -0.138 -0.488
-6 -19 -0.138 -0.463
-6 -18 -0.138 -0.438
-6 -17 -0.138 -0.413
-6 -16 -0.138 -0.388
-6 -15 -0.138 -0.363
-6 -14 -0.138 -0.338
-6 -13 -0.138 -0.313
-6 -12 -0.138 -0.288
-6 -11 -0.138 -0.263
-6 -10 -0.138 -0.238
-6 -9 -0.138 -0.213
-6 -8 -0.138 -0.188
-6 -7 -0.138 -0.163
-6 -6 -0.138 -0.138
-6 -5 -0.138 -0.113
-6 -4 -0.138 -0.088
-6 -3 -0.138 -0.063
-6 -2 -0.138 -0.038
-6 -1 -0.138 -0.013
-6 0 -0.138 0.013
-6 1 -0.138 0.038
-6 2 -0.138 0.063
-6 3 -0.138 0.088
-6 4 -0.138 0.113
-6 5 -0.138 0.138
-6 6 -0.138 0.163
-6 7 -0.138 0.188
-6 8 -0.138 0.213
-6 9 -0.138 0.238
-6 10 -0.138 0.263
-6 11 -0.138 0.288
-6 12 -0.138 0.313
-6 13 -0.138 0.338
-6 14 -0.138 0.363
-6 15 -0.138 0.388
-6 16 -0.138 0.413
-6 17 -0.138 0.438
-6 18 -0.138 0.463
-6 19 -0.138 0.488
-6 20 -0.138 0.513
-6 21 -0.138 0.538
-5 -21 -0.113 -0.513
-5 -20 -0.113 -0.488
-5 -19 -0.113 -0.463
-5 -18 -0.113 -0.438
-5 -17 -0.113 -0.413
-5 -16 -0.113 -0.388
-5 -15 -0.113 -0.363
-5 -14 -0.113 -0.338
-5 -13 -0.113 -0.313
-5 -12 -0.113 -0.288
-5 -11 -0.113 -0.263
-5 -10 -0.113 -0.238
-5 -9 -0.113 -0.213
-5 -8 -0.113 -0.188
-5 -7 -0.113 -0.163
-5 -6 -0.113 -0.138
-5 -5 -0.113 -0.113
-5 -4 -0.113 -0.088
-5 -3 -0.113 -0.063
-5 -2 -0.113 -0.038
-5 -1 -0.113 -0.013
-5 0 -0.113 0.013
-5 1 -0.113 0.038
-5 2 -0.113 0.063
-5 3 -0.113 0.088
-5 4 -0.113 0.113
-5 5 -0.113 0.138
-5 6 -0.113 0.163
-5 7 -0.113 0.188
-5 8 -0.113 0.213
-5 9 -0.113 0.238
-5 10 -0.113 0.263
-5 11 -0.113 0.288
-5 12 -0.113 0.313
-5 13 -0.113 0.338
-5 14 -0.113 0.363
-5 15 -0.113 0.388
-5 16 -0.113 0.413
-5 17 -0.113 0.438
-5 18 -0.113 0.463
-5 19 -0.113 0.488
-5 20 -0.113 0.513
-5 21 -0.113 0.538
-4 -21 -0.088 -0.513
-4 -20 -0.088 -0.488
-4 -19 -0.088 -0.463
-4 -18 -0.088 -0.438
-4 -17 -0.088 -0.413
-4 -16 -0.088 -0.388
-4 -15 -0.088 -0.363
-4 -14 -0.088 -0.338
-4 -13 -0.088 -0.313
-4 -12 -0.088 -0.288
-4 -11 -0.088 -0.263
-4 -10 -0.088 -0.238
-4 -9 -0.088 -0.213
-4 -8 -0.088 -0.188
-4 -7 -0.088 -0.163
-4 -6 -0.088 -0.138
-4 -5 -0.088 -0.113
-4 -4 -0.088 -0.088
-4 -3 -0.088 -0.063
-4 -2 -0.088 -0.038
-4 -1 -0.088 -0.013
-4 0 -0.088 0.013
-4 1 -0.088 0.038
-4 2 -0.088 0.063
-4 3 -0.088 0.088
-4 4 -0.088 0.113
-4 5 -0.088 0.138
-4 6 -0.088 0.163
-4 7 -0.088 0.188
-4 8 -0.088 0.213
-4 9 -0.088 0.238
-4 10 -0.088 0.263
-4 11 -0.088 0.288
-4 12 -0.088 0.313
-4 13 -0.088 0.338
-4 14 -0.088 0.363
-4 15 -0.088 0.388
-4 16 -0.088 0.413
-4 17 -0.088 0.438
-4 18 -0.088 0.463
-4 19 -0.088 0.488
-4 20 -0.088 0.513
-4 21 -0.088 0.538
-3 -21 -0.063 -0.513
-3 -20 -0.063 -0.488
-3 -19 -0.063 -0.463
-3 -18 -0.063 -0.438
-3 -17 -0.063 -0.413
-3 -16 -0.063 -0.388
-3 -15 -0.063 -0.363
-3 -14 -0.063 -0.338
-3 -13 -0.063 -0.313
-3 -12 -0.063 -0.288
-3 -11 -0.063 -0.263
-3 -10 -0.063 -0.238
-3 -9 -0.063 -0.213
-3 -8 -0.063 -0.188
-3 -7 -0.063 -0.163
-3 -6 -0.063 -0.138
-3 -5 -0.063 -0.113
-3 -4 -0.063 -0.088
-3 -3 -0.063 -0.063
-3 -2 -0.063 -0.038
-3 -1 -0.063 -0.013
-3 0 -0.063 0.013
-3 1 -0.063 0.038
-3 2 -0.063 0.063
-3 3 -0.063 0.088
-3 4 -0.063 0.113
-3 5 -0.063 0.138
-3 6 -0.063 0.163
-3 7 -0.063 0.188
-3 8 -0.063 0.213
-3 9 -0.063 0.238
-3 10 -0.063 0.263
-3 11 -0.063 0.288
-3 12 -0.063 0.313
-3 13 -0.063 0.338
-3 14 -0.063 0.363
-3 15 -0.063 0.388
-3 16 -0.063 0.413
-3 17 -0.063 0.438
-3 18 -0.063 0.463
-3 19 -0.063 0.488
-3 20 -0.063 0.513
-3 21 -0.063 0.538
-2 -21 -0.038 -0.513
-2 -20 -0.038 -0.488
-2 -19 -0.038 -0.463
-2 -18 -0.038 -0.438
-2 -17 -0.038 -0.413
-2 -16 -0.038 -0.388
-2 -15 -0.038 -0.363
-2 -14 -0.038 -0.338
-2 -13 -0.038 -0.313
-2 -12 -0.038 -0.288
-2 -11 -0.038 -0.263
-2 -10 -0.038 -0.238
-2 -9 -0.038 -0.213
-2 -8 -0.038 -0.188
-2 -7 -0.038 -0.163
-2 -6 -0.038 -0.138
-2 -5 -0.038 -0.113
-2 -4 -0.038 -0.088
-2 -3 -0.038 -0.063
-2 -2 -0.038 -0.038
-2 -1 -0.038 -0.013
-2 0 -0.038 0.013
-2 1 -0.038 0.038
-2 2 -0.038 0.063
-2 3 -0.038 0.088
-2 4 -0.038 0.113
-2 5 -0.038 0.138
-2 6 -0.038 0.163
-2 7 -0.038 0.188
-2 8 -0.038 0.213
-2 9 -0.038 0.238
-2 10 -0.038 0.263
-2 11 -0.038 0.288
-2 12 -0.038 0.313
-2 13 -0.038 0.338
-2 14 -0.038 0.363
-2 15 -0.038 0.388
-2 16 -0.038 0.413
-2 17 -0.038 0.438
-2 18 -0.038 0.463
-2 19 -0.038 0.488
-2 20 -0.038 0.513
-2 21 -0.038 0.538
-1 -21 -0.013 -0.513
-1 -20 -0.013 -0.488
-1 -19 -0.013 -0.463
-1 -18 -0.013 -0.438
-1 -17 -0.013 -0.413
-1 -16 -0.013 -0.388
-1 -15 -0.013 -0.363
-1 -14 -0.013 -0.338
-1 -13 -0.013 -0.313
-1 -12 -0.013 -0.288
-1 -11 -0.013 -0.263
-1 -10 -0.013 -0.238
-1 -9 -0.013 -0.213
-1 -8 -0.013 -0.188
-1 -7 -0.013 -0.163
-1 -6 -0.013 -0.138
-1 -5 -0.013 -0.113
-1 -4 -0.013 -0.088
-1 -3 -0.013 -0.063
-1 -2 -0.013 -0.038
-1 -1 -0.013 -0.013
-1 0 -0.013 0.013
-1 1 -0.013 0.038
-1 2 -0.013 0.063
-1 3 -0.013 0.088
-1 4 -0.013 0.113
-1 5 -0.013 0.138
-1 6 -0.013 0.163
-1 7 -0.013 0.188
-1 8 -0.013 0.213
-1 9 -0.013 0.238
-1 10 -0.013 0.263
-1 11 -0.013 0.288
-1 12 -0.013 0.313
-1 13 -0.013 0.338
-1 14 -0.013 0.363
-1 15 -0.013 0.388
-1 16 -0.013 0.413
-1 17 -0.013 0.438
-1 18 -0.013 0.463
-1 19 -0.013 0.488
-1 20 -0.013 0.513
-1 21 -0.013 0.538
0 -21 0.013 -0.513
0 -20 0.013 -0.488
0 -19 0.013 -0.463
0 -18 0.013 -0.438
0 -17 0.013 -0.413
0 -16 0.013 -0.388
0 -15 0.013 -0.363
0 -14 0.013 -0.338
0 -13 0.013 -0.313
0 -12 0.013 -0.288
0 -11 0.013 -0.263
0 -10 0.013 -0.238
0 -9 0.013 -0.213
0 -8 0.013 -0.188
0 -7 0.013 -0.163
0 -6 0.013 -0.138
0 -5 0.013 -0.113
0 -4 0.013 -0.088
0 -3 0.013 -0.063
0 -2 0.013 -0.038
0 -1 0.013 -0.013
0 0 0.013 0.013
0 1 0.013 0.038
0 2 0.013 0.063
0 3 0.013 0.088
0 4 0.013 0.113
0 5 0.013 0.138
0 6 0.013 0.163
0 7 0.013 0.188
0 8 0.013 0.213
0 9 0.013 0.238
0 10 0.013 0.263
0 11 0.013 0.288
0 12 0.013 0.313
0 13 0.013 0.338
0 14 0.013 0.363
0 15 0.013 0.388
0 16 0.013 0.413
0 17 0.013 0.438
0 18 0.013 0.463
0 19 0.013 0.488
0 20 0.013 0.513
0 21 0.013 0.538
1 -21 0.038 -0.513
1 -20 0.038 -0.488
1 -19 0.038 -0.463
1 -18 0.038 -0.438
1 -17 0.038 -0.413
1 -16 0.038 -0.388
1 -15 0.038 -0.363
1 -14 0.038 -0.338
1 -13 0.038 -0.313
1 -12 0.038 -0.288
1 -11 0.038 -0.263
1 -10 0.038 -0.238
1 -9 0.038 -0.213
1 -8 0.038 -0.188
1 -7 0.038 -0.163
1 -6 0.038 -0.138
1 -5 0.038 -0.113
1 -4 0.038 -0.088
1 -3 0.038 -0.063
1 -2 0.038 -0.038
1 -1 0.038 -0.013
1 0 0.038 0.013
1 1 0.038 0.038
1 2 0.038 0.063
1 3 0.038 0.088
1 4 0.038 0.113
1 5 0.038 0.138
1 6 0.038 0.163
1 7 0.038 0.188
1 8 0.038 0.213
1 9 0.038 0.238
1 10 0.038 0.263
1 11 0.038 0.288
1 12 0.038 0.313
1 13 0.038 0.338
1 14 0.038 0.363
1 15 0.038 0.388
1 16 0.038 0.413
1 17 0.038 0.438
1 18 0.038 0.463
1 19 0.038 0.488
1 20 0.038 0.513
1 21 0.038 0.538
2 -21 0.063 -0.513
2 -20 0.063 -0.488
2 -19 0.063 -0.463
2 -18 0.063 -0.438
2 -17 0.063 -0.413
2 -16 0.063 -0.388
2 -15 0.063 -0.363
2 -14 0.063 -0.338
2 -13 0.063 -0.313
2 -12 0.063 -0.288
2 -11 0.063 -0.263
2 -10 0.063 -0.238
2 -9 0.063 -0.213
2 -8 0.063 -0.188
2 -7 0.063 -0.163
2 -6 0.063 -0.138
2 -5 0.063 -0.113
2 -4 0.063 -0.088
2 -3 0.063 -0.063
2 -2 0.063 -0.038
2 -1 0.063 -0.013
2 0 0.063 0.013
2 1 0.063 0.038
2 2 0.063 0.063
2 3 0.063 0.088
2 4 0.063 0.113
2 5 0.063 0.138
2 6 0.063 0.163
2 7 0.063 0.188
2 8 0.063 0.213
2 9 0.063 0.238
2 10 0.063 0.263
2 11 0.063 0.288
2 12 0.063 0.313
2 13 0.063 0.338
2 14 0.063 0.363
2 15 0.063 0.388
2 16 0.063 0.413
2 17 0.063 0.438
2 18 0.063 0.463
2 19 0.063 0.488
2 20 0.063 0.513
2 21 0.063 0.538
3 -21 0.088 -0.513
3 -20 0.088 -0.488
3 -19 0.088 -0.463
3 -18 0.088 -0.438
3 -17 0.088 -0.413
3 -16 0.088 -0.388
3 -15 0.088 -0.363
3 -14 0.088 -0.338
3 -13 0.088 -0.313
3 -12 0.088 -0.288
3 -11 0.088 -0.263
3 -10 0.088 -0.238
3 -9 0.088 -0.213
3 -8 0.088 -0.188
3 -7 0.088 -0.163
3 -6 0.088 -0.138
3 -5 0.088 -0.113
3 -4 0.088 -0.088
3 -3 0.088 -0.063
3 -2 0.088 -0.038
3 -1 0.088 -0.013
3 0 0.088 0.013
3 1 0.088 0.038
3 2 0.088 0.063
3 3 0.088 0.088
3 4 0.088 0.113
3 5 0.088 0.138
3 6 0.088 0.163
3 7 0.088 0.188
3 8 0.088 0.213
3 9 0.088 0.238
3 10 0.088 0.263
3 11 0.088 0.288
3 12 0.088 0.313
3 13 0.088 0.338
3 14 0.088 0.363
3 15 0.088 0.388
3 16 0.088 0.413
3 17 0.088 0.438
3 18 0.088 0.463
3 19 0.088 0.488
3 20 0.088 0.513
3 21 0.088 0.538
4 -21 0.113 -0.513
4 -20 0.113 -0.488
4 -19 0.113 -0.463
4 -18 0.113 -0.438
4 -17 0.113 -0.413
4 -16 0.113 -0.388
4 -15 0.113 -0.363
4 -14 0.113 -0.338
4 -13 0.113 -0.313
4 -12 0.113 -0.288
4 -11 0.113 -0.263
4 -10 0.113 -0.238
4 -9 0.113 -0.213
4 -8 0.113 -0.188
4 -7 0.113 -0.163
4 -6 0.113 -0.138
4 -5 0.113 -0.113
4 -4 0.113 -0.088
4 -3 0.113 -0.063
4 -2 0.113 -0.038
4 -1 0.113 -0.013
4 0 0.113 0.013
4 1 0.113 0.038
4 2 0.113 0.063
4 3 0.113 0.088
4 4 0.113 0.113
4 5 0.113 0.138
4 6 0.113 0.163
4 7 0.113 0.188
4 8 0.113 0.213
4 9 0.113 0.238
4 10 0.113 0.263
4 11 0.113 0.288
4 12 0.113 0.313
4 13 0.113 0.338
4 14 0.113 0.363
4 15 0.113 0.388
4 16 0.113 0.413
4 17 0.113 0.438
4 18 0.113 0.463
4 19 0.113 0.488
4 20 0.113 0.513
4 21 0.113 0.538
5 -21 0.138 -0.513
5 -20 0.138 -0.488
5 -19 0.138 -0.463
5 -18 0.138 -0.438
5 -17 0.138 -0.413
5 -16 0.138 -0.388
5 -15 0.138 -0.363
5 -14 0.138 -0.338
5 -13 0.138 -0.313
5 -12 0.138 -0.288
5 -11 0.138 -0.263
5 -10 0.138 -0.238
5 -9 0.138 -0.213
5 -8 0.138 -0.188
5 -7 0.138 -0.163
5 -6 0.138 -0.138
5 -5 0.138 -0.113
5 -4 0.138 -0.088
5 -3 0.138 -0.063
5 -2 0.138 -0.038
5 -1 0.138 -0.013
5 0 0.138 0.013
5 1 0.138 0.038
5 2 0.138 0.063
5 3 0.138 0.088
5 4 0.138 0.113
5 5 0.138 0.138
5 6 0.138 0.163
5 7 0.138 0.188
5 8 0.138 0.213
5 9 0.138 0.238
5 10 0.138 0.263
5 11 0.138 0.288
5 12 0.138 0.313
5 13 0.138 0.338
5 14 0.138 0.363
5 15 0.138 0.388
5 16 0.138 0.413
5 17 0.138 0.438
5 18 0.138 0.463
5 19 0.138 0.488
5 20 0.138 0.513
5 21 0.138 0.538
6 -21 0.163 -0.513
6 -20 0.163 -0.488
6 -19 0.163 -0.463
6 -18 0.163 -0.438
6 -17 0.163 -0.413
6 -16 0.163 -0.388
6 -15 0.163 -0.363
6 -14 0.163 -0.338
6 -13 0.163 -0.313
6 -12 0.163 -0.288
6 -11 0.163 -0.263
6 -10 0.163 -0.238
6 -9 0.163 -0.213
6 -8 0.163 -0.188
6 -7 0.163 -0.163
6 -6 0.163 -0.138
6 -5 0.163 -0.113
6 -4 0.163 -0.088
6 -3 0.163 -0.063
6 -2 0.163 -0.038
6 -1 0.163 -0.013
6 0 0.163 0.013
6 1 0.163 0.038
6 2 0.163 0.063
6 3 0.163 0.088
6 4 0.163 0.113
6 5 0.163 0.138
6 6 0.163 0.163
6 7 0.163 0.188
6 8 0.163 0.213
6 9 0.163 0.238
6 10 0.163 0.263
6 11 0.163 0.288
6 12 0.163 0.313
6 13 0.163 0.338
6 14 0.163 0.363
6 15 0.163 0.388
6 16 0.163 0.413
6 17 0.163 0.438
6 18 0.163 0.463
6 19 0.163 0.488
6 20 0.163 0.513
6 21 0.163 0.538
7 -21 0.188 -0.513
7 -20 0.188 -0.488
7 -19 0.188 -0.463
7 -18 0.188 -0.438
7 -17 0.188 -0.413
7 -16 0.188 -0.388
7 -15 0.188 -0.363
7 -14 0.188 -0.338
7 -13 0.188 -0.313
7 -12 0.188 -0.288
7 -11 0.188 -0.263
7 -10 0.188 -0.238
7 -9 0.188 -0.213
7 -8 0.188 -0.188
7 -7 0.188 -0.163
7 -6 0.188 -0.138
7 -5 0.188 -0.113
7 -4 0.188 -0.088
7 -3 0.188 -0.063
7 -2 0.188 -0.038
7 -1 0.188 -0.013
7 0 0.188 0.013
7 1 0.188 0.038
7 2 0.188 0.063
7 3 0.188 0.088
7 4 0.188 0.113
7 5 0.188 0.138
7 6 0.188 0.163
7 7 0.188 0.188
7 8 0.188 0.213
7 9 0.188 0.238
7 10 0.188 0.263
7 11 0.188 0.288
7 12 0.188 0.313
7 13 0.188 0.338
7 14 0.188 0.363
7 15 0.188 0.388
7 16 0.188 0.413
7 17 0.188 0.438
7 18 0.188 0.463
7 19 0.188 0.488
7 20 0.188 0.513
7 21 0.188 0.538
8 -21 0.213 -0.513
8 -20 0.213 -0.488
8 -19 0.213 -0.463
8 -18 0.213 -0.438
8 -17 0.213 -0.413
8 -16 0.213 -0.388
8 -15 0.213 -0.363
8 -14 0.213 -0.338
8 -13 0.213 -0.313
8 -12 0.213 -0.288
8 -11 0.213 -0.263
8 -10 0.213 -0.238
8 -9 0.213 -0.213
8 -8 0.213 -0.188
8 -7 0.213 -0.163
8 -6 0.213 -0.138
8 -5 0.213 -0.113
8 -4 0.213 -0.088
8 -3 0.213 -0.063
8 -2 0.213 -0.038
8 -1 0.213 -0.013
8 0 0.213 0.013
8 1 0.213 0.038
8 2 0.213 0.063
8 3 0.213 0.088
8 4 0.213 0.113
8 5 0.213 0.138
8 6 0.213 0.163
8 7 0.213 0.188
8 8 0.213 0.213
8 9 0.213 0.238
8 10 0.213 0.263
8 11 0.213 0.288
8 12 0.213 0.313
8 13 0.213 0.338
8 14 0.213 0.363
8 15 0.213 0.388
8 16 0.213 0.413
8 17 0.213 0.438
8 18 0.213 0.463
8 19 0.213 0.488
8 20 0.213 0.513
8 21 0.213 0.538
9 -21 0.238 -0.513
9 -20 0.238 -0.488
9 -19 0.238 -0.463
9 -18 0.238 -0.438
9 -17 0.238 -0.413
9 -16 0.238 -0.388
9 -15 0.238 -0.363
9 -14 0.238 -0.338
9 -13 0.238 -0.313
9 -12 0.238 -0.288
9 -11 0.238 -0.263
9 -10 0.238 -0.238
9 -9 0.238 -0.213
9 -8 0.238 -0.188
9 -7 0.238 -0.163
9 -6 0.238 -0.138
9 -5 0.238 -0.113
9 -4 0.238 -0.088
9 -3 0.238 -0.063
9 -2 0.238 -0.038
9 -1 0.238 -0.013
9 0 0.238 0.013
9 1 0.238 0.038
9 2 0.238 0.063
9 3 0.238 0.088
9 4 0.238 0.113
9 5 0.238 0.138
9 6 0.238 0.163
9 7 0.238 0.188
9 8 0.238 0.213
9 9 0.238 0.238
9 10 0.238 0.263
9 11 0.238 0.288
9 12 0.238 0.313
9 13 0.238 0.338
9 14 0.238 0.363
9 15 0.238 0.388
9 16 0.238 0.413
9 17 0.238 0.438
9 18 0.238 0.463
9 19 0.238 0.488
9 20 0.238 0.513
9 21 0.238 0.538
10 -21 0.263 -0.513
10 -20 0.263 -0.488
10 -19 0.263 -0.463
10 -18 0.263 -0.438
10 -17 0.263 -0.413
10 -16 0.263 -0.388
10 -15 0.263 -0.363
10 -14 0.263 -0.338
10 -13 0.263 -0.313
10 -12 0.263 -0.288
10 -11 0.263 -0.263
10 -10 0.263 -0.238
10 -9 0.263 -0.213
10 -8 0.263 -0.188
10 -7 0.263 -0.163
10 -6 0.263 -0.138
10 -5 0.263 -0.113
10 -4 0.263 -0.088
10 -3 0.263 -0.063
10 -2 0.263 -0.038
10 -1 0.263 -0.013
10 0 0.263 0.013
10 1 0.263 0.038
10 2 0.263 0.063
10 3 0.263 0.088
10 4 0.263 0.113
10 5 0.263 0.138
10 6 0.263 0.163
10 7 0.263 0.188
10 8 0.263 0.213
10 9 0.263 0.238
10 10 0.263 0.263
10 11 0.263 0.288
10 12 0.263 0.313
10 13 0.263 0.338
10 14 0.263 0.363
10 15 0.263 0.388
10 16 0.263 0.413
10 17 0.263 0.438
10 18 0.263 0.463
10 19 0.263 0.488
10 20 0.263 0.513
10 21 0.263 0.538
11 -21 0.288 -0.513
11 -20 0.288 -0.488
11 -19 0.288 -0.463
11 -18 0.288 -0.438
11 -17 0.288 -0.413
11 -16 0.288 -0.388
11 -15 0.288 -0.363
11 -14 0.288 -0.338
11 -13 0.288 -0.313
11 -12 0.288 -0.288
11 -11 0.288 -0.263
11 -10 0.288 -0.238
11 -9 0.288 -0.213
11 -8 0.288 -0.188
11 -7 0.288 -0.163
11 -6 0.288 -0.138
11 -5 0.288 -0.113
11 -4 0.288 -0.088
11 -3 0.288 -0.063
11 -2 0.288 -0.038
11 -1 0.288 -0.013
11 0 0.288 0.013
11 1 0.288 0.038
11 2 0.288 0.063
11 3 0.288 0.088
11 4 0.288 0.113
11 5 0.288 0.138
11 6 0.288 0.163
11 7 0.288 0.188
11 8 0.288 0.213
11 9 0.288 0.238
11 10 0.288 0.263
11 11 0.288 0.288
11 12 0.288 0.313
11 13 0.288 0.338
11 14 0.288 0.363
11 15 0.288 0.388
11 16 0.288 0.413
11 17 0.288 0.438
11 18 0.288 0.463
11 19 0.288 0.488
11 20 0.288 0.513
11 21 0.288 0.538
12 -21 0.313 -0.513
12 -20 0.313 -0.488
12 -19 0.313 -0.463
12 -18 0.313 -0.438
12 -17 0.313 -0.413
12 -16 0.313 -0.388
12 -15 0.313 -0.363
12 -14 0.313 -0.338
12 -13 0.313 -0.313
12 -12 0.313 -0.288
12 -11 0.313 -0.263
12 -10 0.313 -0.238
12 -9 0.313 -0.213
12 -8 0.313 -0.188
12 -7 0.313 -0.163
12 -6 0.313 -0.138
12 -5 0.313 -0.113
12 -4 0.313 -0.088
12 -3 0.313 -0.063
12 -2 0.313 -0.038
12 -1 0.313 -0.013
12 0 0.313 0.013
12 1 0.313 0.038
12 2 0.313 0.063
12 3 0.313 0.088
12 4 0.313 0.113
12 5 0.313 0.138
12 6 0.313 0.163
12 7 0.313 0.188
12 8 0.313 0.213
12 9 0.313 0.238
12 10 0.313 0.263
12 11 0.313 0.288
12 12 0.313 0.313
12 13 0.313 0.338
12 14 0.313 0.363
12 15 0.313 0.388
12 16 0.313 0.413
12 17 0.313 0.438
12 18 0.313 0.463
12 19 0.313 0.488
12 20 0.313 0.513
12 21 0.313 0.538
13 -21 0.338 -0.513
13 -20 0.338 -0.488
13 -19 0.338 -0.463
13 -18 0.338 -0.438
13 -17 0.338 -0.413
13 -16 0.338 -0.388
13 -15 0.338 -0.363
13 -14 0.338 -0.338
13 -13 0.338 -0.313
13 -12 0.338 -0.288
13 -11 0.338 -0.263
13 -10 0.338 -0.238
13 -9 0.338 -0.213
13 -8 0.338 -0.188
13 -7 0.338 -0.163
13 -6 0.338 -0.138
13 -5 0.338 -0.113
13 -4 0.338 -0.088
13 -3 0.338 -0.063
13 -2 0.338 -0.038
13 -1 0.338 -0.013
13 0 0.338 0.013
13 1 0.338 0.038
13 2 0.338 0.063
13 3 0.338 0.088
13 4 0.338 0.113
13 5 0.338 0.138
13 6 0.338 0.163
13 7 0.338 0.188
13 8 0.338 0.213
13 9 0.338 0.238
13 10 0.338 0.263
13 11 0.338 0.288
13 12 0.338 0.313
13 13 0.338 0.338
13 14 0.338 0.363
13 15 0.338 0.388
13 16 0.338 0.413
13 17 0.338 0.438
13 18 0.338 0.463
13 19 0.338 0.488
13 20 0.338 0.513
13 21 0.338 0.538
-58 -1 -1.438 -0.013
-58 0 -1.438 0.013
-58 -2 -1.438 -0.038
-58 1 -1.438 0.038
-58 -3 -1.438 -0.063
-58 2 -1.438 0.063
-57 -3 -1.413 -0.063
-57 -2 -1.413 -0.038
-57 -1 -1.413 -0.013
-57 0 -1.413 0.013
-57 1 -1.413 0.038
-57 2 -1.413 0.063
-57 3 -1.413 0.088
-57 -4 -1.413 -0.088
-57 4 -1.413 0.113
-57 -5 -1.413 -0.113
-57 5 -1.413 0.138
-56 -6 -1.388 -0.138
-56 -5 -1.388 -0.113
-56 -4 -1.388 -0.088
-56 -3 -1.388 -0.063
-56 -2 -1.388 -0.038
-56 -1 -1.388 -0.013
-56 0 -1.388 0.013
-56 1 -1.388 0.038
-56 2 -1.388 0.063
-56 3 -1.388 0.088
-56 4 -1.388 0.113
-56 5 -1.388 0.138
-56 -7 -1.388 -0.163
-56 6 -1.388 0.163
-56 7 -1.388 0.188
-55 -8 -1.363 -0.188
-55 -7 -1.363 -0.163
-55 -6 -1.363 -0.138
-55 -5 -1.363 -0.113
-55 -4 -1.363 -0.088
-55 -3 -1.363 -0.063
-55 -2 -1.363 -0.038
-55 -1 -1.363 -0.013
-55 0 -1.363 0.013
-55 1 -1.363 0.038
-55 2 -1.363 0.063
-55 3 -1.363 0.088
-55 4 -1.363 0.113
-55 5 -1.363 0.138
-55 6 -1.363 0.163
-55 7 -1.363 0.188
-55 8 -1.363 0.213
-55 -9 -1.363 -0.213
-55 9 -1.363 0.238
-55 -10 -1.363 -0.238
-55 10 -1.363 0.263
-54 -11 -1.338 -0.263
-54 -10 -1.338 -0.238
-54 -9 -1.338 -0.213
-54 -8 -1.338 -0.188
-54 -7 -1.338 -0.163
-54 -6 -1.338 -0.138
-54 -5 -1.338 -0.113
-54 -4 -1.338 -0.088
-54 -3 -1.338 -0.063
-54 -2 -1.338 -0.038
-54 -1 -1.338 -0.013
-54 0 -1.338 0.013
-54 1 -1.338 0.038
-54 2 -1.338 0.063
-54 3 -1.338 0.088
-54 4 -1.338 0.113
-54 5 -1.338 0.138
-54 6 -1.338 0.163
-54 7 -1.338 0.188
-54 8 -1.338 0.213
-54 9 -1.338 0.238
-54 10 -1.338 0.263
-54 11 -1.338 0.288
-54 -12 -1.338 -0.288
-54 12 -1.338 0.313
-53 -13 -1.313 -0.313
-53 -12 -1.313 -0.288
-53 -11 -1.313 -0.263
-53 -10 -1.313 -0.238
-53 -9 -1.313 -0.213
-53 -8 -1.313 -0.188
-53 -7 -1.313 -0.163
-53 -6 -1.313 -0.138
-53 -5 -1.313 -0.113
-53 -4 -1.313 -0.088
-53 -3 -1.313 -0.063
-53 -2 -1.313 -0.038
-53 -1 -1.313 -0.013
-53 0 -1.313 0.013
-53 1 -1.313 0.038
-53 2 -1.313 0.063
-53 3 -1.313 0.088
-53 4 -1.313 0.113
-53 5 -1.313 0.138
-53 6 -1.313 0.163
-53 7 -1.313 0.188
-53 8 -1.313 0.213
-53 9 -1.313 0.238
-53 10 -1.313 0.263
-53 11 -1.313 0.288
-53 12 -1.313 0.313
-53 13 -1.313 0.338
-52 -13 -1.288 -0.313
-52 -12 -1.288 -0.288
-52 -11 -1.288 -0.263
-52 -10 -1.288 -0.238
-52 -9 -1.288 -0.213
-52 -8 -1.288 -0.188
-52 -7 -1.288 -0.163
-52 -6 -1.288 -0.138
-52 -5 -1.288 -0.113
-52 -4 -1.288 -0.088
-52 -3 -1.288 -0.063
-52 -2 -1.288 -0.038
-52 -1 -1.288 -0.013
-52 0 -1.288 0.013
-52 1 -1.288 0.038
-52 2 -1.288 0.063
-52 3 -1.288 0.088
-52 4 -1.288 0.113
-52 5 -1.288 0.138
-52 6 -1.288 0.163
-52 7 -1.288 0.188
-52 8 -1.288 0.213
-52 9 -1.288 0.238
-52 10 -1.288 0.263
-52 11 -1.288 0.288
-52 12 -1.288 0.313
-52 13 -1.288 0.338
-51 -13 -1.263 -0.313
-51 -12 -1.263 -0.288
-51 -11 -1.263 -0.263
-51 -10 -1.263 -0.238
-51 -9 -1.263 -0.213
-51 -8 -1.263 -0.188
-51 -7 -1.263 -0.163
-51 -6 -1.263 -0.138
-51 -5 -1.263 -0.113
-51 -4 -1.263 -0.088
-51 -3 -1.263 -0.063
-51 -2 -1.263 -0.038
-51 -1 -1.263 -0.013
-51 0 -1.263 0.013
-51 1 -1.263 0.038
-51 2 -1.263 0.063
-51 3 -1.263 0.088
-51 4 -1.263 0.113
-51 5 -1.263 0.138
-51 6 -1.263 0.163
-51 7 -1.263 0.188
-51 8 -1.263 0.213
-51 9 -1.263 0.238
-51 10 -1.263 0.263
-51 11 -1.263 0.288
-51 12 -1.263 0.313
-51 13 -1.263 0.338
-50 -13 -1.238 -0.313
-50 -12 -1.238 -0.288
-50 -11 -1.238 -0.263
-50 -10 -1.238 -0.238
-50 -9 -1.238 -0.213
-50 -8 -1.238 -0.188
-50 -7 -1.238 -0.163
-50 -6 -1.238 -0.138
-50 -5 -1.238 -0.113
-50 -4 -1.238 -0.088
-50 -3 -1.238 -0.063
-50 -2 -1.238 -0.038
-50 -1 -1.238 -0.013
-50 0 -1.238 0.013
-50 1 -1.238 0.038
-50 2 -1.238 0.063
-50 3 -1.238 0.088
-50 4 -1.238 0.113
-50 5 -1.238 0.138
-50 6 -1.238 0.163
-50 7 -1.238 0.188
-50 8 -1.238 0.213
-50 9 -1.238 0.238
-50 10 -1.238 0.263
-50 11 -1.238 0.288
-50 12 -1.238 0.313
-50 13 -1.238 0.338
-49 -13 -1.213 -0.313
-49 -12 -1.213 -0.288
-49 -11 -1.213 -0.263
-49 -10 -1.213 -0.238
-49 -9 -1.213 -0.213
-49 -8 -1.213 -0.188
-49 -7 -1.213 -0.163
-49 -6 -1.213 -0.138
-49 -5 -1.213 -0.113
-49 -4 -1.213 -0.088
-49 -3 -1.213 -0.063
-49 -2 -1.213 -0.038
-49 -1 -1.213 -0.013
-49 0 -1.213 0.013
-49 1 -1.213 0.038
-49 2 -1.213 0.063
-49 3 -1.213 0.088
-49 4 -1.213 0.113
-49 5 -1.213 0.138
-49 6 -1.213 0.163
-49 7 -1.213 0.188
-49 8 -1.213 0.213
-49 9 -1.213 0.238
-49 10 -1.213 0.263
-49 11 -1.213 0.288
-49 12 -1.213 0.313
-49 13 -1.213 0.338
-48 -13 -1.188 -0.313
-48 -12 -1.188 -0.288
-48 -11 -1.188 -0.263
-48 -10 -1.188 -0.238
-48 -9 -1.188 -0.213
-48 -8 -1.188 -0.188
-48 -7 -1.188 -0.163
-48 -6 -1.188 -0.138
-48 -5 -1.188 -0.113
-48 -4 -1.188 -0.088
-48 -3 -1.188 -0.063
-48 -2 -1.188 -0.038
-48 -1 -1.188 -0.013
-48 0 -1.188 0.013
-48 1 -1.188 0.038
-48 2 -1.188 0.063
-48 3 -1.188 0.088
-48 4 -1.188 0.113
-48 5 -1.188 0.138
-48 6 -1.188 0.163
-48 7 -1.188 0.188
-48 8 -1.188 0.213
-48 9 -1.188 0.238
-48 10 -1.188 0.263
-48 11 -1.188 0.288
-48 12 -1.188 0.313
-48 13 -1.188 0.338
-47 -13 -1.163 -0.313
-47 -12 -1.163 -0.288
-47 -11 -1.163 -0.263
-47 -10 -1.163 -0.238
-47 -9 -1.163 -0.213
-47 -8 -1.163 -0.188
-47 -7 -1.163 -0.163
-47 -6 -1.163 -0.138
-47 -5 -1.163 -0.113
-47 -4 -1.163 -0.088
-47 -3 -1.163 -0.063
-47 -2 -1.163 -0.038
-47 -1 -1.163 -0.013
-47 0 -1.163 0.013
-47 1 -1.163 0.038
-47 2 -1.163 0.063
-47 3 -1.163 0.088
-47 4 -1.163 0.113
-47 5 -1.163 0.138
-47 6 -1.163 0.163
-47 7 -1.163 0.188
-47 8 -1.163 0.213
-47 9 -1.163 0.238
-47 10 -1.163 0.263
-47 11 -1.163 0.288
-47 12 -1.163 0.313
-47 13 -1.163 0.338
-46 -13 -1.138 -0.313
-46 -12 -1.138 -0.288
-46 -11 -1.138 -0.263
-46 -10 -1.138 -0.238
-46 -9 -1.138 -0.213
-46 -8 -1.138 -0.188
-46 -7 -1.138 -0.163
-46 -6 -1.138 -0.138
-46 -5 -1.138 -0.113
-46 -4 -1.138 -0.088
-46 -3 -1.138 -0.063
-46 -2 -1.138 -0.038
-46 -1 -1.138 -0.013
-46 0 -1.138 0.013
-46 1 -1.138 0.038
-46 2 -1.138 0.063
-46 3 -1.138 0.088
-46 4 -1.138 0.113
-46 5 -1.138 0.138
-46 6 -1.138 0.163
-46 7 -1.138 0.188
-46 8 -1.138 0.213
-46 9 -1.138 0.238
-46 10 -1.138 0.263
-46 11 -1.138 0.288
-46 12 -1.138 0.313
-46 13 -1.138 0.338
-45 -13 -1.113 -0.313
-45 -12 -1.113 -0.288
-45 -11 -1.113 -0.263
-45 -10 -1.113 -0.238
-45 -9 -1.113 -0.213
-45 -8 -1.113 -0.188
-45 -7 -1.113 -0.163
-45 -6 -1.113 -0.138
-45 -5 -1.113 -0.113
-45 -4 -1.113 -0.088
-45 -3 -1.113 -0.063
-45 -2 -1.113 -0.038
-45 -1 -1.113 -0.013
-45 0 -1.113 0.013
-45 1 -1.113 0.038
-45 2 -1.113 0.063
-45 3 -1.113 0.088
-45 4 -1.113 0.113
-45 5 -1.113 0.138
-45 6 -1.113 0.163
-45 7 -1.113 0.188
-45 8 -1.113 0.213
-45 9 -1.113 0.238
-45 10 -1.113 0.263
-45 11 -1.113 0.288
-45 12 -1.113 0.313
-45 13 -1.113 0.338
-44 -13 -1.088 -0.313
-44 -12 -1.088 -0.288
-44 -11 -1.088 -0.263
-44 -10 -1.088 -0.238
-44 -9 -1.088 -0.213
-44 -8 -1.088 -0.188
-44 -7 -1.088 -0.163
-44 -6 -1.088 -0.138
-44 -5 -1.088 -0.113
-44 -4 -1.088 -0.088
-44 -3 -1.088 -0.063
-44 -2 -1.088 -0.038
-44 -1 -1.088 -0.013
-44 0 -1.088 0.013
-44 1 -1.088 0.038
-44 2 -1.088 0.063
-44 3 -1.088 0.088
-44 4 -1.088 0.113
-44 5 -1.088 0.138
-44 6 -1.088 0.163
-44 7 -1.088 0.188
-44 8 -1.088 0.213
-44 9 -1.088 0.238
-44 10 -1.088 0.263
-44 11 -1.088 0.288
-44 12 -1.088 0.313
-44 13 -1.088 0.338
-43 -13 -1.063 -0.313
-43 -12 -1.063 -0.288
-43 -11 -1.063 -0.263
-43 -10 -1.063 -0.238
-43 -9 -1.063 -0.213
-43 -8 -1.063 -0.188
-43 -7 -1.063 -0.163
-43 -6 -1.063 -0.138
-43 -5 -1.063 -0.113
-43 -4 -1.063 -0.088
-43 -3 -1.063 -0.063
-43 -2 -1.063 -0.038
-43 -1 -1.063 -0.013
-43 0 -1.063 0.013
-43 1 -1.063 0.038
-43 2 -1.063 0.063
-43 3 -1.063 0.088
-43 4 -1.063 0.113
-43 5 -1.063 0.138
-43 6 -1.063 0.163
-43 7 -1.063 0.188
-43 8 -1.063 0.213
-43 9 -1.063 0.238
-43 10 -1.063 0.263
-43 11 -1.063 0.288
-43 12 -1.063 0.313
-43 13 -1.063 0.338
-42 -13 -1.038 -0.313
-42 -12 -1.038 -0.288
-42 -11 -1.038 -0.263
-42 -10 -1.038 -0.238
-42 -9 -1.038 -0.213
-42 -8 -1.038 -0.188
-42 -7 -1.038 -0.163
-42 -6 -1.038 -0.138
-42 -5 -1.038 -0.113
-42 -4 -1.038 -0.088
-42 -3 -1.038 -0.063
-42 -2 -1.038 -0.038
-42 -1 -1.038 -0.013
-42 0 -1.038 0.013
-42 1 -1.038 0.038
-42 2 -1.038 0.063
-42 3 -1.038 0.088
-42 4 -1.038 0.113
-42 5 -1.038 0.138
-42 6 -1.038 0.163
-42 7 -1.038 0.188
-42 8 -1.038 0.213
-42 9 -1.038 0.238
-42 10 -1.038 0.263
-42 11 -1.038 0.288
-42 12 -1.038 0.313
-42 13 -1.038 0.338
-41 -13 -1.013 -0.313
-41 -12 -1.013 -0.288
-41 -11 -1.013 -0.263
-41 -10 -1.013 -0.238
-41 -9 -1.013 -0.213
-41 -8 -1.013 -0.188
-41 -7 -1.013 -0.163
-41 -6 -1.013 -0.138
-41 -5 -1.013 -0.113
-41 -4 -1.013 -0.088
-41 -3 -1.013 -0.063
-41 -2 -1.013 -0.038
-41 -1 -1.013 -0.013
-41 0 -1.013 0.013
-41 1 -1.013 0.038
-41 2 -1.013 0.063
-41 3 -1.013 0.088
-41 4 -1.013 0.113
-41 5 -1.013 0.138
-41 6 -1.013 0.163
-41 7 -1.013 0.188
-41 8 -1.013 0.213
-41 9 -1.013 0.238
-41 10 -1.013 0.263
-41 11 -1.013 0.288
-41 12 -1.013 0.313
-41 13 -1.013 0.338
-40 -13 -0.988 -0.313
-40 -12 -0.988 -0.288
-40 -11 -0.988 -0.263
-40 -10 -0.988 -0.238
-40 -9 -0.988 -0.213
-40 -8 -0.988 -0.188
-40 -7 -0.988 -0.163
-40 -6 -0.988 -0.138
-40 -5 -0.988 -0.113
-40 -4 -0.988 -0.088
-40 -3 -0.988 -0.063
-40 -2 -0.988 -0.038
-40 -1 -0.988 -0.013
-40 0 -0.988 0.013
-40 1 -0.988 0.038
-40 2 -0.988 0.063
-40 3 -0.988 0.088
-40 4 -0.988 0.113
-40 5 -0.988 0.138
-40 6 -0.988 0.163
-40 7 -0.988 0.188
-40 8 -0.988 0.213
-40 9 -0.988 0.238
-40 10 -0.988 0.263
-40 11 -0.988 0.288
-40 12 -0.988 0.313
-40 13 -0.988 0.338
-39 -13 -0.963 -0.313
-39 -12 -0.963 -0.288
-39 -11 -0.963 -0.263
-39 -10 -0.963 -0.238
-39 -9 -0.963 -0.213
-39 -8 -0.963 -0.188
-39 -7 -0.963 -0.163
-39 -6 -0.963 -0.138
-39 -5 -0.963 -0.113
-39 -4 -0.963 -0.088
-39 -3 -0.963 -0.063
-39 -2 -0.963 -0.038
-39 -1 -0.963 -0.013
-39 0 -0.963 0.013
-39 1 -0.963 0.038
-39 2 -0.963 0.063
-39 3 -0.963 0.088
-39 4 -0.963 0.113
-39 5 -0.963 0.138
-39 6 -0.963 0.163
-39 7 -0.963 0.188
-39 8 -0.963 0.213
-39 9 -0.963 0.238
-39 10 -0.963 0.263
-39 11 -0.963 0.288
-39 12 -0.963 0.313
-39 13 -0.963 0.338
-38 -13 -0.938 -0.313
-38 -12 -0.938 -0.288
-38 -11 -0.938 -0.263
-38 -10 -0.938 -0.238
-38 -9 -0.938 -0.213
-38 -8 -0.938 -0.188
-38 -7 -0.938 -0.163
-38 -6 -0.938 -0.138
-38 -5 -0.938 -0.113
-38 -4 -0.938 -0.088
-38 -3 -0.938 -0.063
-38 -2 -0.938 -0.038
-38 -1 -0.938 -0.013
-38 0 -0.938 0.013
-38 1 -0.938 0.038
-38 2 -0.938 0.063
-38 3 -0.938 0.088
-38 4 -0.938 0.113
-38 5 -0.938 0.138
-38 6 -0.938 0.163
-38 7 -0.938 0.188
-38 8 -0.938 0.213
-38 9 -0.938 0.238
-38 10 -0.938 0.263
-38 11 -0.938 0.288
-38 12 -0.938 0.313
-38 13 -0.938 0.338
-37 -13 -0.913 -0.313
-37 -12 -0.913 -0.288
-37 -11 -0.913 -0.263
-37 -10 -0.913 -0.238
-37 -9 -0.913 -0.213
-37 -8 -0.913 -0.188
-37 -7 -0.913 -0.163
-37 -6 -0.913 -0.138
-37 -5 -0.913 -0.113
-37 -4 -0.913 -0.088
-37 -3 -0.913 -0.063
-37 -2 -0.913 -0.038
-37 -1 -0.913 -0.013
-37 0 -0.913 0.013
-37 1 -0.913 0.038
-37 2 -0.913 0.063
-37 3 -0.913 0.088
-37 4 -0.913 0.113
-37 5 -0.913 0.138
-37 6 -0.913 0.163
-37 7 -0.913 0.188
-37 8 -0.913 0.213
-37 9 -0.913 0.238
-37 10 -0.913 0.263
-37 11 -0.913 0.288
-37 12 -0.913 0.313
-37 13 -0.913 0.338
-36 -13 -0.888 -0.313
-36 -12 -0.888 -0.288
-36 -11 -0.888 -0.263
-36 -10 -0.888 -0.238
-36 -9 -0.888 -0.213
-36 -8 -0.888 -0.188
-36 -7 -0.888 -0.163
-36 -6 -0.888 -0.138
-36 -5 -0.888 -0.113
-36 -4 -0.888 -0.088
-36 -3 -0.888 -0.063
-36 -2 -0.888 -0.038
-36 -1 -0.888 -0.013
-36 0 -0.888 0.013
-36 1 -0.888 0.038
-36 2 -0.888 0.063
-36 3 -0.888 0.088
-36 4 -0.888 0.113
-36 5 -0.888 0.138
-36 6 -0.888 0.163
-36 7 -0.888 0.188
-36 8 -0.888 0.213
-36 9 -0.888 0.238
-36 10 -0.888 0.263
-36 11 -0.888 0.288
-36 12 -0.888 0.313
-36 13 -0.888 0.338
-35 -13 -0.863 -0.313
-35 -12 -0.863 -0.288
-35 -11 -0.863 -0.263
-35 -10 -0.863 -0.238
-35 -9 -0.863 -0.213
-35 -8 -0.863 -0.188
-35 -7 -0.863 -0.163
-35 -6 -0.863 -0.138
-35 -5 -0.863 -0.113
-35 -4 -0.863 -0.088
-35 -3 -0.863 -0.063
-35 -2 -0.863 -0.038
-35 -1 -0.863 -0.013
-35 0 -0.863 0.013
-35 1 -0.863 0.038
-35 2 -0.863 0.063
-35 3 -0.863 0.088
-35 4 -0.863 0.113
-35 5 -0.863 0.138
-35 6 -0.863 0.163
-35 7 -0.863 0.188
-35 8 -0.863 0.213
-35 9 -0.863 0.238
-35 10 -0.863 0.263
-35 11 -0.863 0.288
-35 12 -0.863 0.313
-35 13 -0.863 0.338
-34 -13 -0.838 -0.313
-34 -12 -0.838 -0.288
-34 -11 -0.838 -0.263
-34 -10 -0.838 -0.238
-34 -9 -0.838 -0.213
-34 -8 -0.838 -0.188
-34 -7 -0.838 -0.163
-34 -6 -0.838 -0.138
-34 -5 -0.838 -0.113
-34 -4 -0.838 -0.088
-34 -3 -0.838 -0.063
-34 -2 -0.838 -0.038
-34 -1 -0.838 -0.013
-34 0 -0.838 0.013
-34 1 -0.838 0.038
-34 2 -0.838 0.063
-34 3 -0.838 0.088
-34 4 -0.838 0.113
-34 5 -0.838 0.138
-34 6 -0.838 0.163
-34 7 -0.838 0.188
-34 8 -0.838 0.213
-34 9 -0.838 0.238
-34 10 -0.838 0.263
-34 11 -0.838 0.288
-34 12 -0.838 0.313
-34 13 -0.838 0.338
-33 -13 -0.813 -0.313
-33 -12 -0.813 -0.288
-33 -11 -0.813 -0.263
-33 -10 -0.813 -0.238
-33 -9 -0.813 -0.213
-33 -8 -0.813 -0.188
-33 -7 -0.813 -0.163
-33 -6 -0.813 -0.138
-33 -5 -0.813 -0.113
-33 -4 -0.813 -0.088
-33 -3 -0.813 -0.063
-33 -2 -0.813 -0.038
-33 -1 -0.813 -0.013
-33 0 -0.813 0.013
-33 1 -0.813 0.038
-33 2 -0.813 0.063
-33 3 -0.813 0.088
-33 4 -0.813 0.113
-33 5 -0.813 0.138
-33 6 -0.813 0.163
-33 7 -0.813 0.188
-33 8 -0.813 0.213
-33 9 -0.813 0.238
-33 10 -0.813 0.263
-33 11 -0.813 0.288
-33 12 -0.813 0.313
-33 13 -0.813 0.338
-32 -13 -0.788 -0.313
-32 -12 -0.788 -0.288
-32 -11 -0.788 -0.263
-32 -10 -0.788 -0.238
-32 -9 -0.788 -0.213
-32 -8 -0.788 -0.188
-32 -7 -0.788 -0.163
-32 -6 -0.788 -0.138
-32 -5 -0.788 -0.113
-32 -4 -0.788 -0.088
-32 -3 -0.788 -0.063
-32 -2 -0.788 -0.038
-32 -1 -0.788 -0.013
-32 0 -0.788 0.013
-32 1 -0.788 0.038
-32 2 -0.788 0.063
-32 3 -0.788 0.088
-32 4 -0.788 0.113
-32 5 -0.788 0.138
-32 6 -0.788 0.163
-32 7 -0.788 0.188
-32 8 -0.788 0.213
-32 9 -0.788 0.238
-32 10 -0.788 0.263
-32 11 -0.788 0.288
-32 12 -0.788 0.313
-32 13 -0.788 0.338
-31 -13 -0.763 -0.313
-31 -12 -0.763 -0.288
-31 -11 -0.763 -0.263
-31 -10 -0.763 -0.238
-31 -9 -0.763 -0.213
-31 -8 -0.763 -0.188
-31 -7 -0.763 -0.163
-31 -6 -0.763 -0.138
-31 -5 -0.763 -0.113
-31 -4 -0.763 -0.088
-31 -3 -0.763 -0.063
-31 -2 -0.763 -0.038
-31 -1 -0.763 -0.013
-31 0 -0.763 0.013
-31 1 -0.763 0.038
-31 2 -0.763 0.063
-31 3 -0.763 0.088
-31 4 -0.763 0.113
-31 5 -0.763 0.138
-31 6 -0.763 0.163
-31 7 -0.763 0.188
-31 8 -0.763 0.213
-31 9 -0.763 0.238
-31 10 -0.763 0.263
-31 11 -0.763 0.288
-31 12 -0.763 0.313
-31 13 -0.763 0.338
-30 -13 -0.738 -0.313
-30 -12 -0.738 -0.288
-30 -11 -0.738 -0.263
-30 -10 -0.738 -0.238
-30 -9 -0.738 -0.213
-30 -8 -0.738 -0.188
-30 -7 -0.738 -0.163
-30 -6 -0.738 -0.138
-30 -5 -0.738 -0.113
-30 -4 -0.738 -0.088
-30 -3 -0.738 -0.063
-30 -2 -0.738 -0.038
-30 -1 -0.738 -0.013
-30 0 -0.738 0.013
-30 1 -0.738 0.038
-30 2 -0.738 0.063
-30 3 -0.738 0.088
-30 4 -0.738 0.113
-30 5 -0.738 0.138
-30 6 -0.738 0.163
-30 7 -0.738 0.188
-30 8 -0.738 0.213
-30 9 -0.738 0.238
-30 10 -0.738 0.263
-30 11 -0.738 0.288
-30 12 -0.738 0.313
-30 13 -0.738 0.338
-29 -13 -0.713 -0.313
-29 -12 -0.713 -0.288
-29 -11 -0.713 -0.263
-29 -10 -0.713 -0.238
-29 -9 -0.713 -0.213
-29 -8 -0.713 -0.188
-29 -7 -0.713 -0.163
-29 -6 -0.713 -0.138
-29 -5 -0.713 -0.113
-29 -4 -0.713 -0.088
-29 -3 -0.713 -0.063
-29 -2 -0.713 -0.038
-29 -1 -0.713 -0.013
-29 0 -0.713 0.013
-29 1 -0.713 0.038
-29 2 -0.713 0.063
-29 3 -0.713 0.088
-29 4 -0.713 0.113
-29 5 -0.713 0.138
-29 6 -0.713 0.163
-29 7 -0.713 0.188
-29 8 -0.713 0.213
-29 9 -0.713 0.238
-29 10 -0.713 0.263
-29 11 -0.713 0.288
-29 12 -0.713 0.313
-29 13 -0.713 0.338
-28 -13 -0.688 -0.313
-28 -12 -0.688 -0.288
-28 -11 -0.688 -0.263
-28 -10 -0.688 -0.238
-28 -9 -0.688 -0.213
-28 -8 -0.688 -0.188
-28 -7 -0.688 -0.163
-28 -6 -0.688 -0.138
-28 -5 -0.688 -0.113
-28 -4 -0.688 -0.088
-28 -3 -0.688 -0.063
-28 -2 -0.688 -0.038
-28 -1 -0.688 -0.013
-28 0 -0.688 0.013
-28 1 -0.688 0.038
-28 2 -0.688 0.063
-28 3 -0.688 0.088
-28 4 -0.688 0.113
-28 5 -0.688 0.138
-28 6 -0.688 0.163
-28 7 -0.688 0.188
-28 8 -0.688 0.213
-28 9 -0.688 0.238
-28 10 -0.688 0.263
-28 11 -0.688 0.288
-28 12 -0.688 0.313
-28 13 -0.688 0.338
-27 -13 -0.663 -0.313
-27 -12 -0.663 -0.288
-27 -11 -0.663 -0.263
-27 -10 -0.663 -0.238
-27 -9 -0.663 -0.213
-27 -8 -0.663 -0.188
-27 -7 -0.663 -0.163
-27 -6 -0.663 -0.138
-27 -5 -0.663 -0.113
-27 -4 -0.663 -0.088
-27 -3 -0.663 -0.063
-27 -2 -0.663 -0.038
-27 -1 -0.663 -0.013
-27 0 -0.663 0.013
-27 1 -0.663 0.038
-27 2 -0.663 0.063
-27 3 -0.663 0.088
-27 4 -0.663 0.113
-27 5 -0.663 0.138
-27 6 -0.663 0.163
-27 7 -0.663 0.188
-27 8 -0.663 0.213
-27 9 -0.663 0.238
-27 10 -0.663 0.263
-27 11 -0.663 0.288
-27 12 -0.663 0.313
-27 13 -0.663 0.338
-16 13 -0.388 0.338
-15 17 -0.363 0.438
-15 18 -0.363 0.463
-14 21 -0.338 0.538
-12 -22 -0.288 -0.538
-11 -22 -0.263 -0.538
-10 -22 -0.238 -0.538
-9 -22 -0.213 -0.538
-8 -22 -0.188 -0.538
-7 -22 -0.163 -0.538
-6 -22 -0.138 -0.538
-5 -22 -0.113 -0.538
7 22 0.188 0.563
8 22 0.213 0.563
9 22 0.238 0.563
10 22 0.263 0.563
11 22 0.288 0.563
12 22 0.313 0.563
14 -21 0.363 -0.513
14 -20 0.363 -0.488
14 -19 0.363 -0.463
14 -18 0.363 -0.438
14 -17 0.363 -0.413
14 -16 0.363 -0.388
14 -15 0.363 -0.363
14 -14 0.363 -0.338
14 -13 0.363 -0.313
14 -12 0.363 -0.288
14 -11 0.363 -0.263
14 -10 0.363 -0.238
14 -9 0.363 -0.213
14 -8 0.363 -0.188
14 -7 0.363 -0.163
14 -6 0.363 -0.138
14 -5 0.363 -0.113
14 -4 0.363 -0.088
-58 -4 -1.438 -0.088
-58 -5 -1.438 -0.113
-57 -6 -1.413 -0.138
-57 -7 -1.413 -0.163
-56 -8 -1.388 -0.188
-56 -9 -1.388 -0.213
-55 -11 -1.363 -0.263
-54 -13 -1.338 -0.313
-53 -14 -1.313 -0.338
-53 -15 -1.313 -0.363
-52 -15 -1.288 -0.363
-52 -14 -1.288 -0.338
-51 -15 -1.263 -0.363
-51 -14 -1.263 -0.338
-50 -15 -1.238 -0.363
-50 -14 -1.238 -0.338
-49 -15 -1.213 -0.363
-49 -14 -1.213 -0.338
-48 -15 -1.188 -0.363
-48 -14 -1.188 -0.338
-47 -15 -1.163 -0.363
-47 -14 -1.163 -0.338
-46 -15 -1.138 -0.363
-46 -14 -1.138 -0.338
-45 -15 -1.113 -0.363
-45 -14 -1.113 -0.338
-44 -15 -1.088 -0.363
-44 -14 -1.088 -0.338
-43 -15 -1.063 -0.363
-43 -14 -1.063 -0.338
-42 -15 -1.038 -0.363
-42 -14 -1.038 -0.338
-41 -15 -1.013 -0.363
-41 -14 -1.013 -0.338
-40 -15 -0.988 -0.363
-40 -14 -0.988 -0.338
-39 -15 -0.963 -0.363
-39 -14 -0.963 -0.338
-38 -15 -0.938 -0.363
-38 -14 -0.938 -0.338
-37 -15 -0.913 -0.363
-37 -14 -0.913 -0.338
-36 -15 -0.888 -0.363
-36 -14 -0.888 -0.338
-35 -15 -0.863 -0.363
-35 -14 -0.863 -0.338
-34 -15 -0.838 -0.363
-34 -14 -0.838 -0.338
-33 -15 -0.813 -0.363
-33 -14 -0.813 -0.338
-32 -15 -0.788 -0.363
-32 -14 -0.788 -0.338
-31 -15 -0.763 -0.363
-31 -14 -0.763 -0.338
-30 -15 -0.738 -0.363
-30 -14 -0.738 -0.338
-29 -14 -0.713 -0.338
-28 -14 -0.688 -0.338
-27 -14 -0.663 -0.338
-26 -14 -0.638 -0.338
-26 -13 -0.638 -0.313
-26 -12 -0.638 -0.288
-26 -11 -0.638 -0.263
-26 -10 -0.638 -0.238
-26 -9 -0.638 -0.213
-26 -8 -0.638 -0.188
-26 -7 -0.638 -0.163
-26 -6 -0.638 -0.138
-26 -5 -0.638 -0.113
-18 -5 -0.438 -0.113
-17 9 -0.413 0.238
-17 10 -0.413 0.263
-17 11 -0.413 0.288
-16 14 -0.388 0.363
-16 15 -0.388 0.388
-16 16 -0.388 0.413
-16 17 -0.388 0.438
-15 19 -0.363 0.488
-15 20 -0.363 0.513
-4 -22 -0.088 -0.538
1 22 0.038 0.563
2 22 0.063 0.563
3 22 0.088 0.563
4 22 0.113 0.563
5 22 0.138 0.563
6 22 0.163 0.563
14 -3 0.363 -0.063
14 -2 0.363 -0.038
15 -20 0.388 -0.488
15 -19 0.388 -0.463
15 -18 0.388 -0.438
15 -17 0.388 -0.413
15 -16 0.388 -0.388
15 -15 0.388 -0.363
15 -14 0.388 -0.338
-58 -6 -1.438 -0.138
-58 -7 -1.438 -0.163
-57 -8 -1.413 -0.188
-57 -9 -1.413 -0.213
-56 -10 -1.388 -0.238
-56 -11 -1.388 -0.263
-55 -12 -1.363 -0.288
-55 -13 -1.363 -0.313
-54 -14 -1.338 -0.338
-54 -15 -1.338 -0.363
-53 -16 -1.313 -0.388
-53 -17 -1.313 -0.413
-52 -17 -1.288 -0.413
-52 -16 -1.288 -0.388
-52 -18 -1.288 -0.438
-51 -18 -1.263 -0.438
-51 -17 -1.263 -0.413
-51 -16 -1.263 -0.388
-50 -18 -1.238 -0.438
-50 -17 -1.238 -0.413
-50 -16 -1.238 -0.388
-49 -18 -1.213 -0.438
-49 -17 -1.213 -0.413
-49 -16 -1.213 -0.388
-48 -17 -1.188 -0.413
-48 -16 -1.188 -0.388
-47 -17 -1.163 -0.413
-47 -16 -1.163 -0.388
-46 -17 -1.138 -0.413
-46 -16 -1.138 -0.388
-45 -17 -1.113 -0.413
-45 -16 -1.113 -0.388
-44 -17 -1.088 -0.413
-44 -16 -1.088 -0.388
-43 -17 -1.063 -0.413
-43 -16 -1.063 -0.388
-42 -17 -1.038 -0.413
-42 -16 -1.038 -0.388
-41 -17 -1.013 -0.413
-41 -16 -1.013 -0.388
-40 -17 -0.988 -0.413
-40 -16 -0.988 -0.388
-39 -17 -0.963 -0.413
-39 -16 -0.963 -0.388
-38 -17 -0.938 -0.413
-38 -16 -0.938 -0.388
-37 -17 -0.913 -0.413
-37 -16 -0.913 -0.388
-36 -16 -0.888 -0.388
-35 -16 -0.863 -0.388
-34 -16 -0.838 -0.388
-33 -16 -0.813 -0.388
-32 -16 -0.788 -0.388
-31 -16 -0.763 -0.388
-30 -16 -0.738 -0.388
-29 -16 -0.713 -0.388
-29 -15 -0.713 -0.363
-28 -16 -0.688 -0.388
-28 -15 -0.688 -0.363
-27 -16 -0.663 -0.388
-27 -15 -0.663 -0.363
-26 -16 -0.638 -0.388
-26 -15 -0.638 -0.363
-18 5 -0.438 0.138
-18 6 -0.438 0.163
-17 12 -0.413 0.313
-17 13 -0.413 0.338
-17 14 -0.413 0.363
-17 15 -0.413 0.388
-16 18 -0.388 0.463
-16 19 -0.388 0.488
-11 -23 -0.263 -0.563
-10 -23 -0.238 -0.563
-9 -23 -0.213 -0.563
-8 -23 -0.188 -0.563
-3 -22 -0.063 -0.538
-2 -22 -0.038 -0.538
-1 -22 -0.013 -0.538
9 23 0.238 0.588
10 23 0.263 0.588
15 -13 0.388 -0.313
15 -12 0.388 -0.288
15 -11 0.388 -0.263
15 -10 0.388 -0.238
16 -19 0.413 -0.463
16 -18 0.413 -0.438
16 -17 0.413 -0.413
-58 -9 -1.438 -0.213
-58 -8 -1.438 -0.188
-57 -10 -1.413 -0.238
-57 -11 -1.413 -0.263
-56 -12 -1.388 -0.288
-56 -13 -1.388 -0.313
-55 -14 -1.363 -0.338
-54 -16 -1.338 -0.388
-53 -18 -1.313 -0.438
-52 -19 -1.288 -0.463
-52 -20 -1.288 -0.488
-51 -20 -1.263 -0.488
-51 -19 -1.263 -0.463
-50 -20 -1.238 -0.488
-50 -19 -1.238 -0.463
-49 -20 -1.213 -0.488
-49 -19 -1.213 -0.463
-48 -20 -1.188 -0.488
-48 -19 -1.188 -0.463
-48 -18 -1.188 -0.438
-47 -20 -1.163 -0.488
-47 -19 -1.163 -0.463
-47 -18 -1.163 -0.438
-46 -20 -1.138 -0.488
-46 -19 -1.138 -0.463
-46 -18 -1.138 -0.438
-45 -19 -1.113 -0.463
-45 -18 -1.113 -0.438
-44 -19 -1.088 -0.463
-44 -18 -1.088 -0.438
-43 -19 -1.063 -0.463
-43 -18 -1.063 -0.438
-42 -19 -1.038 -0.463
-42 -18 -1.038 -0.438
-41 -19 -1.013 -0.463
-41 -18 -1.013 -0.438
-40 -19 -0.988 -0.463
-40 -18 -0.988 -0.438
-39 -19 -0.963 -0.463
-39 -18 -0.963 -0.438
-38 -18 -0.938 -0.438
-37 -18 -0.913 -0.438
-36 -18 -0.888 -0.438
-36 -17 -0.888 -0.413
-35 -18 -0.863 -0.438
-35 -17 -0.863 -0.413
-34 -18 -0.838 -0.438
-34 -17 -0.838 -0.413
-33 -18 -0.813 -0.438
-33 -17 -0.813 -0.413
-32 -18 -0.788 -0.438
-32 -17 -0.788 -0.413
-31 -18 -0.763 -0.438
-31 -17 -0.763 -0.413
-30 -17 -0.738 -0.413
-29 -17 -0.713 -0.413
-28 -17 -0.688 -0.413
-27 -17 -0.663 -0.413
-26 -17 -0.638 -0.413
-25 -17 -0.613 -0.413
-25 -16 -0.613 -0.388
-25 -15 -0.613 -0.363
-25 -14 -0.613 -0.338
-25 -13 -0.613 -0.313
-25 -12 -0.613 -0.288
-17 16 -0.413 0.413
-17 17 -0.413 0.438
-17 18 -0.413 0.463
-17 19 -0.413 0.488
-7 -23 -0.163 -0.563
-6 -23 -0.138 -0.563
0 -22 0.013 -0.538
0 22 0.013 0.563
5 23 0.138 0.588
6 23 0.163 0.588
7 23 0.188 0.588
8 23 0.213 0.588
14 -1 0.363 -0.013
14 0 0.363 0.013
15 -9 0.388 -0.213
15 -8 0.388 -0.188
15 -7 0.388 -0.163
15 -6 0.388 -0.138
15 -5 0.388 -0.113
16 -16 0.413 -0.388
16 -15 0.413 -0.363
16 -14 0.413 -0.338
16 -13 0.413 -0.313
16 -12 0.413 -0.288
16 -11 0.413 -0.263
17 -19 0.438 -0.463
17 -18 0.438 -0.438
17 -17 0.438 -0.413
-58 -11 -1.438 -0.263
-58 -10 -1.438 -0.238
-57 -12 -1.413 -0.288
-56 -14 -1.388 -0.338
-55 -15 -1.363 -0.363
-55 -16 -1.363 -0.388
-54 -17 -1.338 -0.413
-53 -19 -1.313 -0.463
-51 -21 -1.263 -0.513
-51 -22 -1.263 -0.538
-50 -22 -1.238 -0.538
-50 -21 -1.238 -0.513
-49 -22 -1.213 -0.538
-49 -21 -1.213 -0.513
-48 -22 -1.188 -0.538
-48 -21 -1.188 -0.513
-47 -22 -1.163 -0.538
-47 -21 -1.163 -0.513
-46 -21 -1.138 -0.513
-45 -21 -1.113 -0.513
-45 -20 -1.113 -0.488
-44 -21 -1.088 -0.513
-44 -20 -1.088 -0.488
-43 -21 -1.063 -0.513
-43 -20 -1.063 -0.488
-42 -21 -1.038 -0.513
-42 -20 -1.038 -0.488
-41 -21 -1.013 -0.513
-41 -20 -1.013 -0.488
-40 -20 -0.988 -0.488
-39 -20 -0.963 -0.488
-38 -20 -0.938 -0.488
-38 -19 -0.938 -0.463
-37 -20 -0.913 -0.488
-37 -19 -0.913 -0.463
-36 -20 -0.888 -0.488
-36 -19 -0.888 -0.463
-35 -20 -0.863 -0.488
-35 -19 -0.863 -0.463
-34 -19 -0.838 -0.463
-33 -19 -0.813 -0.463
-32 -19 -0.788 -0.463
-31 -19 -0.763 -0.463
-30 -19 -0.738 -0.463
-30 -18 -0.738 -0.438
-29 -18 -0.713 -0.438
-28 -18 -0.688 -0.438
-27 -18 -0.663 -0.438
-26 -18 -0.638 -0.438
-25 -18 -0.613 -0.438
-25 -11 -0.613 -0.263
-25 -10 -0.613 -0.238
-24 -18 -0.588 -0.438
-24 -17 -0.588 -0.413
-24 -16 -0.588 -0.388
-18 7 -0.438 0.188
-18 8 -0.438 0.213
-18 9 -0.438 0.238
-18 10 -0.438 0.263
-18 11 -0.438 0.288
-18 12 -0.438 0.313
-18 13 -0.438 0.338
-18 14 -0.438 0.363
-18 15 -0.438 0.388
-18 16 -0.438 0.413
-18 17 -0.438 0.438
-18 18 -0.438 0.463
-5 -23 -0.113 -0.563
-4 -23 -0.088 -0.563
-2 22 -0.038 0.563
-1 22 -0.013 0.563
3 23 0.088 0.588
4 23 0.113 0.588
7 24 0.188 0.613
8 24 0.213 0.613
16 -10 0.413 -0.238
16 -9 0.413 -0.213
17 -16 0.438 -0.388
17 -15 0.438 -0.363
17 -14 0.438 -0.338
-57 -13 -1.413 -0.313
-57 -14 -1.413 -0.338
-56 -15 -1.388 -0.363
-55 -17 -1.363 -0.413
-54 -18 -1.338 -0.438
-53 -20 -1.313 -0.488
-52 -21 -1.288 -0.513
-50 -23 -1.238 -0.563
-50 -24 -1.238 -0.588
-49 -24 -1.213 -0.588
-49 -23 -1.213 -0.563
-48 -24 -1.188 -0.588
-48 -23 -1.188 -0.563
-47 -24 -1.163 -0.588
-47 -23 -1.163 -0.563
-46 -24 -1.138 -0.588
-46 -23 -1.138 -0.563
-46 -22 -1.138 -0.538
-45 -24 -1.113 -0.588
-45 -23 -1.113 -0.563
-45 -22 -1.113 -0.538
-44 -23 -1.088 -0.563
-44 -22 -1.088 -0.538
-43 -23 -1.063 -0.563
-43 -22 -1.063 -0.538
-42 -23 -1.038 -0.563
-42 -22 -1.038 -0.538
-41 -23 -1.013 -0.563
-41 -22 -1.013 -0.538
-40 -23 -0.988 -0.563
-40 -22 -0.988 -0.538
-40 -21 -0.988 -0.513
-39 -22 -0.963 -0.538
-39 -21 -0.963 -0.513
-38 -22 -0.938 -0.538
-38 -21 -0.938 -0.513
-37 -22 -0.913 -0.538
-37 -21 -0.913 -0.513
-36 -22 -0.888 -0.538
-36 -21 -0.888 -0.513
-35 -21 -0.863 -0.513
-34 -21 -0.838 -0.513
-34 -20 -0.838 -0.488
-33 -21 -0.813 -0.513
-33 -20 -0.813 -0.488
-32 -21 -0.788 -0.513
-32 -20 -0.788 -0.488
-31 -21 -0.763 -0.513
-31 -20 -0.763 -0.488
-30 -20 -0.738 -0.488
-29 -20 -0.713 -0.488
-29 -19 -0.713 -0.463
-28 -20 -0.688 -0.488
-28 -19 -0.688 -0.463
-27 -20 -0.663 -0.488
-27 -19 -0.663 -0.463
-26 -19 -0.638 -0.463
-26 -4 -0.638 -0.088
-25 -19 -0.613 -0.463
-25 -9 -0.613 -0.213
-24 -19 -0.588 -0.463
-24 -15 -0.588 -0.363
-24 -14 -0.588 -0.338
-24 -13 -0.588 -0.313
-23 -19 -0.563 -0.463
-23 -18 -0.563 -0.438
-7 -24 -0.163 -0.588
-6 -24 -0.138 -0.588
-3 -23 -0.063 -0.563
-2 -23 -0.038 -0.563
1 -22 0.038 -0.538
2 23 0.063 0.588
5 24 0.138 0.613
6 24 0.163 0.613
14 1 0.363 0.038
15 -4 0.388 -0.088
15 -3 0.388 -0.063
15 -2 0.388 -0.038
16 -8 0.413 -0.188
16 -7 0.413 -0.163
16 -6 0.413 -0.138
17 -13 0.438 -0.313
17 -12 0.438 -0.288
17 -11 0.438 -0.263
17 -10 0.438 -0.238
18 -17 0.463 -0.413
18 -16 0.463 -0.388
18 -15 0.463 -0.363
18 -14 0.463 -0.338
-56 -16 -1.388 -0.388
-56 -17 -1.388 -0.413
-55 -18 -1.363 -0.438
-54 -19 -1.338 -0.463
-53 -21 -1.313 -0.513
-52 -22 -1.288 -0.538
-51 -23 -1.263 -0.563
-49 -25 -1.213 -0.613
-49 -26 -1.213 -0.638
-48 -26 -1.188 -0.638
-48 -25 -1.188 -0.613
-47 -26 -1.163 -0.638
-47 -25 -1.163 -0.613
-46 -26 -1.138 -0.638
-46 -25 -1.138 -0.613
-45 -26 -1.113 -0.638
-45 -25 -1.113 -0.613
-44 -25 -1.088 -0.613
-44 -24 -1.088 -0.588
-43 -25 -1.063 -0.613
-43 -24 -1.063 -0.588
-42 -25 -1.038 -0.613
-42 -24 -1.038 -0.588
-41 -25 -1.013 -0.613
-41 -24 -1.013 -0.588
-40 -24 -0.988 -0.588
-39 -24 -0.963 -0.588
-39 -23 -0.963 -0.563
-38 -24 -0.938 -0.588
-38 -23 -0.938 -0.563
-37 -24 -0.913 -0.588
-37 -23 -0.913 -0.563
-36 -23 -0.888 -0.563
-35 -23 -0.863 -0.563
-35 -22 -0.863 -0.538
-34 -23 -0.838 -0.563
-34 -22 -0.838 -0.538
-33 -23 -0.813 -0.563
-33 -22 -0.813 -0.538
-32 -22 -0.788 -0.538
-31 -22 -0.763 -0.538
-30 -22 -0.738 -0.538
-30 -21 -0.738 -0.513
-29 -21 -0.713 -0.513
-28 -21 -0.688 -0.513
-27 -21 -0.663 -0.513
-26 -21 -0.638 -0.513
-26 -20 -0.638 -0.488
-25 -20 -0.613 -0.488
-25 -8 -0.613 -0.188
-24 -20 -0.588 -0.488
-24 -12 -0.588 -0.288
-23 -20 -0.563 -0.488
-23 -17 -0.563 -0.413
-23 -16 -0.563 -0.388
-22 -20 -0.538 -0.488
-22 -19 -0.538 -0.463
-19 11 -0.463 0.288
-19 12 -0.463 0.313
-19 13 -0.463 0.338
-19 14 -0.463 0.363
-19 15 -0.463 0.388
-19 16 -0.463 0.413
-19 6 -0.463 0.163
-19 7 -0.463 0.188
-19 8 -0.463 0.213
-19 9 -0.463 0.238
-19 10 -0.463 0.263
-19 17 -0.463 0.438
-18 -6 -0.438 -0.138
-5 -24 -0.113 -0.588
-3 22 -0.063 0.563
-1 -23 -0.013 -0.563
0 23 0.013 0.588
1 23 0.038 0.588
2 -22 0.063 -0.538
4 24 0.113 0.613
17 -9 0.438 -0.213
18 -13 0.463 -0.313
18 -12 0.463 -0.288
19 -16 0.488 -0.388
19 -15 0.488 -0.363
-56 -18 -1.388 -0.438
-55 -19 -1.363 -0.463
-55 -20 -1.363 -0.488
-54 -20 -1.338 -0.488
-54 -21 -1.338 -0.513
-53 -22 -1.313 -0.538
-52 -23 -1.288 -0.563
-51 -24 -1.263 -0.588
-50 -25 -1.238 -0.613
-50 -26 -1.238 -0.638
-49 -27 -1.213 -0.663
-48 -27 -1.188 -0.663
-48 -28 -1.188 -0.688
-47 -28 -1.163 -0.688
-47 -27 -1.163 -0.663
-47 -29 -1.163 -0.713
-46 -29 -1.138 -0.713
-46 -28 -1.138 -0.688
-46 -27 -1.138 -0.663
-45 -28 -1.113 -0.688
-45 -27 -1.113 -0.663
-44 -28 -1.088 -0.688
-44 -27 -1.088 -0.663
-44 -26 -1.088 -0.638
-43 -28 -1.063 -0.688
-43 -27 -1.063 -0.663
-43 -26 -1.063 -0.638
-42 -27 -1.038 -0.663
-42 -26 -1.038 -0.638
-41 -27 -1.013 -0.663
-41 -26 -1.013 -0.638
-40 -27 -0.988 -0.663
-40 -26 -0.988 -0.638
-40 -25 -0.988 -0.613
-39 -26 -0.963 -0.638
-39 -25 -0.963 -0.613
-38 -26 -0.938 -0.638
-38 -25 -0.938 -0.613
-37 -26 -0.913 -0.638
-37 -25 -0.913 -0.613
-36 -25 -0.888 -0.613
-36 -24 -0.888 -0.588
-35 -25 -0.863 -0.613
-35 -24 -0.863 -0.588
-34 -25 -0.838 -0.613
-34 -24 -0.838 -0.588
-33 -25 -0.813 -0.613
-33 -24 -0.813 -0.588
-32 -24 -0.788 -0.588
-32 -23 -0.788 -0.563
-31 -24 -0.763 -0.588
-31 -23 -0.763 -0.563
-30 -24 -0.738 -0.588
-30 -23 -0.738 -0.563
-29 -23 -0.713 -0.563
-29 -22 -0.713 -0.538
-28 -23 -0.688 -0.563
-28 -22 -0.688 -0.538
-27 -23 -0.663 -0.563
-27 -22 -0.663 -0.538
-26 -22 -0.638 -0.538
-25 -22 -0.613 -0.538
-25 -21 -0.613 -0.513
-24 -22 -0.588 -0.538
-24 -21 -0.588 -0.513
-23 -21 -0.563 -0.513
-23 -15 -0.563 -0.363
-22 -21 -0.538 -0.513
-22 -18 -0.538 -0.438
-20 13 -0.488 0.338
-20 14 -0.488 0.363
-20 15 -0.488 0.388
-20 16 -0.488 0.413
-19 3 -0.463 0.088
-19 4 -0.463 0.113
-19 5 -0.463 0.138
-4 -24 -0.088 -0.588
-3 -24 -0.063 -0.588
0 -23 0.013 -0.563
2 24 0.063 0.613
3 -22 0.088 -0.538
3 24 0.088 0.613
15 -1 0.388 -0.013
16 -5 0.413 -0.113
16 -4 0.413 -0.088
17 -8 0.438 -0.188
17 -7 0.438 -0.163
18 -11 0.463 -0.263
18 -10 0.463 -0.238
19 -14 0.488 -0.338
19 -13 0.488 -0.313
19 -12 0.488 -0.288
20 -15 0.513 -0.363
-55 -21 -1.363 -0.513
-54 -22 -1.338 -0.538
-53 -23 -1.313 -0.563
-52 -24 -1.288 -0.588
-51 -25 -1.263 -0.613
-47 -30 -1.163 -0.738
-46 -30 -1.138 -0.738
-46 -31 -1.138 -0.763
-45 -31 -1.113 -0.763
-45 -30 -1.113 -0.738
-45 -29 -1.113 -0.713
-44 -30 -1.088 -0.738
-44 -29 -1.088 -0.713
-43 -30 -1.063 -0.738
-43 -29 -1.063 -0.713
-42 -30 -1.038 -0.738
-42 -29 -1.038 -0.713
-42 -28 -1.038 -0.688
-41 -29 -1.013 -0.713
-41 -28 -1.013 -0.688
-40 -29 -0.988 -0.713
-40 -28 -0.988 -0.688
-39 -29 -0.963 -0.713
-39 -28 -0.963 -0.688
-39 -27 -0.963 -0.663
-38 -28 -0.938 -0.688
-38 -27 -0.938 -0.663
-37 -28 -0.913 -0.688
-37 -27 -0.913 -0.663
-36 -28 -0.888 -0.688
-36 -27 -0.888 -0.663
-36 -26 -0.888 -0.638
-35 -27 -0.863 -0.663
-35 -26 -0.863 -0.638
-34 -27 -0.838 -0.663
-34 -26 -0.838 -0.638
-33 -26 -0.813 -0.638
-32 -26 -0.788 -0.638
-32 -25 -0.788 -0.613
-31 -26 -0.763 -0.638
-31 -25 -0.763 -0.613
-30 -25 -0.738 -0.613
-29 -25 -0.713 -0.613
-29 -24 -0.713 -0.588
-28 -25 -0.688 -0.613
-28 -24 -0.688 -0.588
-27 -24 -0.663 -0.588
-26 -24 -0.638 -0.588
-26 -23 -0.638 -0.563
-25 -23 -0.613 -0.563
-24 -23 -0.588 -0.563
-24 -11 -0.588 -0.263
-23 -23 -0.563 -0.563
-23 -22 -0.563 -0.538
-23 -14 -0.563 -0.338
-22 -22 -0.538 -0.538
-22 -17 -0.538 -0.413
-22 -16 -0.538 -0.388
-21 -22 -0.513 -0.538
-21 -21 -0.513 -0.513
-21 -20 -0.513 -0.488
-21 -19 -0.513 -0.463
-20 10 -0.488 0.263
-20 11 -0.488 0.288
-20 12 -0.488 0.313
-20 8 -0.488 0.213
-20 9 -0.488 0.238
-19 1 -0.463 0.038
-19 2 -0.463 0.063
-4 -25 -0.088 -0.613
-2 -24 -0.038 -0.588
-1 -24 -0.013 -0.588
-1 23 -0.013 0.588
1 -23 0.038 -0.563
4 -22 0.113 -0.538
4 25 0.113 0.638
14 2 0.363 0.063
16 -3 0.413 -0.063
17 -6 0.438 -0.138
18 -9 0.463 -0.213
18 -8 0.463 -0.188
19 -11 0.488 -0.263
20 -14 0.513 -0.338
20 -13 0.513 -0.313
-54 -23 -1.338 -0.563
-53 -24 -1.313 -0.588
-52 -25 -1.288 -0.613
-51 -26 -1.263 -0.638
-50 -27 -1.238 -0.663
-49 -28 -1.213 -0.688
-48 -29 -1.188 -0.713
-45 -32 -1.113 -0.788
-44 -32 -1.088 -0.788
-44 -31 -1.088 -0.763
-43 -32 -1.063 -0.788
-43 -31 -1.063 -0.763
-42 -32 -1.038 -0.788
-42 -31 -1.038 -0.763
-41 -31 -1.013 -0.763
-41 -30 -1.013 -0.738
-40 -31 -0.988 -0.763
-40 -30 -0.988 -0.738
-39 -31 -0.963 -0.763
-39 -30 -0.963 -0.738
-38 -30 -0.938 -0.738
-38 -29 -0.938 -0.713
-37 -30 -0.913 -0.738
-37 -29 -0.913 -0.713
-36 -29 -0.888 -0.713
-35 -29 -0.863 -0.713
-35 -28 -0.863 -0.688
-34 -28 -0.838 -0.688
-33 -28 -0.813 -0.688
-33 -27 -0.813 -0.663
-32 -28 -0.788 -0.688
-32 -27 -0.788 -0.663
-31 -27 -0.763 -0.663
-30 -27 -0.738 -0.663
-30 -26 -0.738 -0.638
-29 -26 -0.713 -0.638
-28 -26 -0.688 -0.638
-27 -26 -0.663 -0.638
-27 -25 -0.663 -0.613
-26 -25 -0.638 -0.613
-25 -25 -0.613 -0.613
-25 -24 -0.613 -0.588
-24 -24 -0.588 -0.588
-24 -10 -0.588 -0.238
-23 -24 -0.563 -0.588
-23 -13 -0.563 -0.313
-22 -23 -0.538 -0.563
-22 -15 -0.538 -0.363
-21 -23 -0.513 -0.563
-21 -18 -0.513 -0.438
-20 -23 -0.488 -0.563
-20 -22 -0.488 -0.538
-20 -21 -0.488 -0.513
-20 -20 -0.488 -0.488
