-25 -5 -0.613 -0.113
-25 -6 -0.613 -0.138
-25 -4 -0.613 -0.088
-24 -3 -0.588 -0.063
-24 -2 -0.588 -0.038
-23 -1 -0.563 -0.013
-22 0 -0.538 0.013
-22 1 -0.538 0.038
-21 2 -0.513 0.063
-21 3 -0.513 0.088
-20 4 -0.488 0.113
-19 5 -0.463 0.138
-19 6 -0.463 0.163
-18 7 -0.438 0.188
-18 8 -0.438 0.213
-17 9 -0.413 0.238
-16 10 -0.388 0.263
-16 11 -0.388 0.288
-15 12 -0.363 0.313
-15 13 -0.363 0.338
-14 14 -0.338 0.363
-13 14 -0.313 0.363
-12 15 -0.288 0.388
-11 16 -0.263 0.413
-10 16 -0.238 0.413
-9 17 -0.213 0.438
-8 17 -0.188 0.438
-7 18 -0.163 0.463
-6 19 -0.138 0.488
-5 19 -0.113 0.488
-4 20 -0.088 0.513
-3 20 -0.063 0.513
-2 21 -0.038 0.538
-1 22 -0.013 0.563
0 22 0.013 0.563
1 23 0.038 0.588
2 23 0.063 0.588
3 24 0.088 0.613
4 25 0.113 0.638
5 25 0.138 0.638
-48 29 -1.188 0.738
-48 30 -1.188 0.763
-47 31 -1.163 0.788
-47 32 -1.163 0.813
-46 33 -1.138 0.838
-46 34 -1.138 0.863
-45 36 -1.113 0.913
-45 37 -1.113 0.938
-44 38 -1.088 0.963
-44 39 -1.088 0.988
-43 40 -1.063 1.013
-43 41 -1.063 1.038
-43 42 -1.063 1.063
-42 42 -1.038 1.063
-41 43 -1.013 1.088
-40 43 -0.988 1.088
-39 44 -0.963 1.113
-38 44 -0.938 1.113
-37 44 -0.913 1.113
-36 45 -0.888 1.138
-35 45 -0.863 1.138
-34 46 -0.838 1.163
-33 46 -0.813 1.163
-32 47 -0.788 1.188
-31 47 -0.763 1.188
-29 48 -0.713 1.213
-25 -3 -0.613 -0.063
-24 -1 -0.588 -0.013
-23 0 -0.563 0.013
-22 2 -0.538 0.063
-21 4 -0.513 0.113
-20 5 -0.488 0.138
-20 6 -0.488 0.163
-19 7 -0.463 0.188
-19 8 -0.463 0.213
-18 9 -0.438 0.238
-17 10 -0.413 0.263
-17 11 -0.413 0.288
-16 12 -0.388 0.313
-16 13 -0.388 0.338
-15 14 -0.363 0.363
-14 15 -0.338 0.388
-13 15 -0.313 0.388
-12 16 -0.288 0.413
-11 17 -0.263 0.438
-10 17 -0.238 0.438
-9 18 -0.213 0.463
-8 18 -0.188 0.463
-8 19 -0.188 0.488
-7 19 -0.163 0.488
-6 20 -0.138 0.513
-5 20 -0.113 0.513
-5 21 -0.113 0.538
-4 21 -0.088 0.538
-3 21 -0.063 0.538
-3 22 -0.063 0.563
-2 22 -0.038 0.563
-2 23 -0.038 0.588
-1 23 -0.013 0.588
0 23 0.013 0.588
0 24 0.013 0.613
1 24 0.038 0.613
1 25 0.038 0.638
2 24 0.063 0.613
2 25 0.063 0.638
3 25 0.088 0.638
3 26 0.088 0.663
4 26 0.113 0.663
12 19 0.313 0.488
13 18 0.338 0.463
14 17 0.363 0.438
15 16 0.388 0.413
16 15 0.413 0.388
17 14 0.438 0.363
18 13 0.463 0.338
19 12 0.488 0.313
20 11 0.513 0.288
21 10 0.538 0.263
22 9 0.563 0.238
23 8 0.588 0.213
-49 28 -1.213 0.713
-49 29 -1.213 0.738
-49 30 -1.213 0.763
-48 28 -1.188 0.713
-48 31 -1.188 0.788
-48 27 -1.188 0.688
-48 32 -1.188 0.813
-48 33 -1.188 0.838
-47 27 -1.163 0.688
-47 33 -1.163 0.838
-47 26 -1.163 0.663
-47 34 -1.163 0.863
-47 35 -1.163 0.888
-46 26 -1.138 0.663
-46 35 -1.138 0.888
-46 36 -1.138 0.913
-46 25 -1.138 0.638
-46 37 -1.138 0.938
-46 38 -1.138 0.963
-45 25 -1.113 0.638
-45 38 -1.113 0.963
-45 39 -1.113 0.988
-45 24 -1.113 0.613
-45 40 -1.113 1.013
-45 41 -1.113 1.038
-44 24 -1.088 0.613
-44 40 -1.088 1.013
-44 41 -1.088 1.038
-44 42 -1.088 1.063
-44 23 -1.088 0.588
-43 23 -1.063 0.588
-43 22 -1.063 0.563
-42 22 -1.038 0.563
-42 21 -1.038 0.538
-42 43 -1.038 1.088
-41 21 -1.013 0.538
-41 20 -1.013 0.513
-40 20 -0.988 0.513
-40 19 -0.988 0.488
-40 44 -0.988 1.113
-39 19 -0.963 0.488
-39 18 -0.963 0.463
-38 18 -0.938 0.463
-38 45 -0.938 1.138
-37 17 -0.913 0.438
-37 45 -0.913 1.138
-36 16 -0.888 0.413
-35 15 -0.863 0.388
-35 46 -0.863 1.163
-34 14 -0.838 0.363
-33 13 -0.813 0.338
-33 47 -0.813 1.188
-32 12 -0.788 0.313
-31 48 -0.763 1.213
-31 11 -0.763 0.288
-30 10 -0.738 0.263
-26 -6 -0.638 -0.138
-26 -5 -0.638 -0.113
-25 -7 -0.613 -0.163
-23 1 -0.563 0.038
-22 3 -0.538 0.088
-21 5 -0.513 0.138
-20 7 -0.488 0.188
-19 9 -0.463 0.238
-18 10 -0.438 0.263
-18 11 -0.438 0.288
-17 12 -0.413 0.313
-17 13 -0.413 0.338
-16 14 -0.388 0.363
-15 15 -0.363 0.388
-14 16 -0.338 0.413
-13 16 -0.313 0.413
-12 17 -0.288 0.438
-11 18 -0.263 0.463
-10 18 -0.238 0.463
-10 19 -0.238 0.488
-9 19 -0.213 0.488
-8 20 -0.188 0.513
-7 20 -0.163 0.513
-7 21 -0.163 0.538
-6 21 -0.138 0.538
-6 22 -0.138 0.563
-5 22 -0.113 0.563
-4 22 -0.088 0.563
-4 23 -0.088 0.588
-3 23 -0.063 0.588
-3 24 -0.063 0.613
-2 24 -0.038 0.613
-1 24 -0.013 0.613
-1 25 -0.013 0.638
0 25 0.013 0.638
0 26 0.013 0.663
1 26 0.038 0.663
1 27 0.038 0.688
2 26 0.063 0.663
2 27 0.063 0.688
20 12 0.513 0.313
21 11 0.538 0.288
22 10 0.563 0.263
-51 26 -1.263 0.663
-51 27 -1.263 0.688
-51 28 -1.263 0.713
-50 26 -1.238 0.663
-50 27 -1.238 0.688
-50 28 -1.238 0.713
-50 29 -1.238 0.738
-50 25 -1.238 0.638
-50 30 -1.238 0.763
-50 31 -1.238 0.788
-49 25 -1.213 0.638
-49 26 -1.213 0.663
-49 27 -1.213 0.688
-49 31 -1.213 0.788
-49 32 -1.213 0.813
-49 33 -1.213 0.838
-49 24 -1.213 0.613
-49 34 -1.213 0.863
-48 24 -1.188 0.613
-48 25 -1.188 0.638
-48 26 -1.188 0.663
-48 34 -1.188 0.863
-48 35 -1.188 0.888
-48 36 -1.188 0.913
-48 37 -1.188 0.938
-48 23 -1.188 0.588
-48 38 -1.188 0.963
-47 23 -1.163 0.588
-47 24 -1.163 0.613
-47 25 -1.163 0.638
-47 36 -1.163 0.913
-47 37 -1.163 0.938
-47 38 -1.163 0.963
-47 39 -1.163 0.988
-47 40 -1.163 1.013
-46 22 -1.138 0.563
-46 23 -1.138 0.588
-46 24 -1.138 0.613
-46 39 -1.138 0.988
-46 40 -1.138 1.013
-45 21 -1.113 0.538
-45 22 -1.113 0.563
-45 23 -1.113 0.588
-44 21 -1.088 0.538
-44 22 -1.088 0.563
-44 20 -1.088 0.513
-43 20 -1.063 0.513
-43 21 -1.063 0.538
-43 19 -1.063 0.488
-42 19 -1.038 0.488
-42 20 -1.038 0.513
-42 18 -1.038 0.463
-41 18 -1.013 0.463
-41 19 -1.013 0.488
-41 17 -1.013 0.438
-40 17 -0.988 0.438
-40 18 -0.988 0.463
-39 16 -0.963 0.413
-39 17 -0.963 0.438
-38 15 -0.938 0.388
-38 16 -0.938 0.413
-38 17 -0.938 0.438
-37 15 -0.913 0.388
-37 16 -0.913 0.413
-37 14 -0.913 0.363
-36 14 -0.888 0.363
-36 15 -0.888 0.388
-36 13 -0.888 0.338
-36 46 -0.888 1.163
-35 13 -0.863 0.338
-35 14 -0.863 0.363
-35 12 -0.863 0.313
-34 12 -0.838 0.313
-34 13 -0.838 0.338
-34 47 -0.838 1.188
-33 11 -0.813 0.288
-33 12 -0.813 0.313
-32 10 -0.788 0.263
-32 11 -0.788 0.288
-31 10 -0.763 0.263
-31 9 -0.763 0.238
-26 -7 -0.638 -0.163
-25 -8 -0.613 -0.188
-24 -8 -0.588 -0.188
-24 0 -0.588 0.013
-23 -9 -0.563 -0.213
-23 2 -0.563 0.063
-22 -10 -0.538 -0.238
-22 4 -0.538 0.113
-21 6 -0.513 0.163
-21 -11 -0.513 -0.263
-21 7 -0.513 0.188
-20 8 -0.488 0.213
-20 9 -0.488 0.238
-19 10 -0.463 0.263
-19 11 -0.463 0.288
-19 12 -0.463 0.313
-18 12 -0.438 0.313
-18 13 -0.438 0.338
-18 14 -0.438 0.363
-17 14 -0.413 0.363
-16 15 -0.388 0.388
-15 16 -0.363 0.413
-14 17 -0.338 0.438
-13 17 -0.313 0.438
-13 18 -0.313 0.463
-12 18 -0.288 0.463
-11 19 -0.263 0.488
-10 20 -0.238 0.513
-9 20 -0.213 0.513
-9 21 -0.213 0.538
-8 21 -0.188 0.538
-8 22 -0.188 0.563
-7 22 -0.163 0.563
-6 23 -0.138 0.588
-5 23 -0.113 0.588
-5 24 -0.113 0.613
-4 24 -0.088 0.613
-4 25 -0.088 0.638
-3 25 -0.063 0.638
-3 26 -0.063 0.663
-2 25 -0.038 0.638
-2 26 -0.038 0.663
-1 26 -0.013 0.663
-1 27 -0.013 0.688
0 27 0.013 0.688
18 14 0.463 0.363
19 13 0.488 0.338
-53 24 -1.313 0.613
-53 25 -1.313 0.638
-53 26 -1.313 0.663
-53 27 -1.313 0.688
-52 24 -1.288 0.613
-52 25 -1.288 0.638
-52 26 -1.288 0.663
-52 27 -1.288 0.688
-52 28 -1.288 0.713
-52 23 -1.288 0.588
-52 29 -1.288 0.738
-52 30 -1.288 0.763
-51 23 -1.263 0.588
-51 24 -1.263 0.613
-51 25 -1.263 0.638
-51 29 -1.263 0.738
-51 30 -1.263 0.763
-51 31 -1.263 0.788
-51 32 -1.263 0.813
-51 33 -1.263 0.838
-51 22 -1.263 0.563
-51 34 -1.263 0.863
-50 22 -1.238 0.563
-50 23 -1.238 0.588
-50 24 -1.238 0.613
-50 32 -1.238 0.813
-50 33 -1.238 0.838
-50 34 -1.238 0.863
-50 35 -1.238 0.888
-50 36 -1.238 0.913
-50 37 -1.238 0.938
-50 38 -1.238 0.963
-49 21 -1.213 0.538
-49 22 -1.213 0.563
-49 23 -1.213 0.588
-49 35 -1.213 0.888
-49 36 -1.213 0.913
-49 37 -1.213 0.938
-49 38 -1.213 0.963
-48 21 -1.188 0.538
-48 22 -1.188 0.563
-48 39 -1.188 0.988
-48 20 -1.188 0.513
-47 20 -1.163 0.513
-47 21 -1.163 0.538
-47 22 -1.163 0.563
-47 19 -1.163 0.488
-46 19 -1.138 0.488
-46 20 -1.138 0.513
-46 21 -1.138 0.538
-45 18 -1.113 0.463
-45 19 -1.113 0.488
-45 20 -1.113 0.513
-44 18 -1.088 0.463
-44 19 -1.088 0.488
-44 17 -1.088 0.438
-43 17 -1.063 0.438
-43 18 -1.063 0.463
-43 16 -1.063 0.413
-42 16 -1.038 0.413
-42 17 -1.038 0.438
-41 15 -1.013 0.388
-41 16 -1.013 0.413
-40 15 -0.988 0.388
-40 16 -0.988 0.413
-40 14 -0.988 0.363
-39 14 -0.963 0.363
-39 15 -0.963 0.388
-39 13 -0.963 0.338
-38 13 -0.938 0.338
-38 14 -0.938 0.363
-38 12 -0.938 0.313
-37 12 -0.913 0.313
-37 13 -0.913 0.338
-36 11 -0.888 0.288
-36 12 -0.888 0.313
-35 11 -0.863 0.288
-35 10 -0.863 0.263
-34 10 -0.838 0.263
-34 11 -0.838 0.288
-34 9 -0.838 0.238
-33 9 -0.813 0.238
-33 10 -0.813 0.263
-32 8 -0.788 0.213
-32 9 -0.788 0.238
-26 -4 -0.638 -0.088
-25 -2 -0.613 -0.038
-24 -9 -0.588 -0.213
-24 1 -0.588 0.038
-23 3 -0.563 0.088
-23 4 -0.563 0.113
-22 5 -0.538 0.138
-22 6 -0.538 0.163
-22 7 -0.538 0.188
-21 8 -0.513 0.213
-21 9 -0.513 0.238
-20 10 -0.488 0.263
-20 11 -0.488 0.288
-20 12 -0.488 0.313
-19 13 -0.463 0.338
-19 14 -0.463 0.363
-18 15 -0.438 0.388
-17 15 -0.413 0.388
-17 16 -0.413 0.413
-16 16 -0.388 0.413
-16 17 -0.388 0.438
-15 17 -0.363 0.438
-14 18 -0.338 0.463
-13 19 -0.313 0.488
-12 19 -0.288 0.488
-12 20 -0.288 0.513
-11 20 -0.263 0.513
-11 21 -0.263 0.538
-10 21 -0.238 0.538
-10 22 -0.238 0.563
-9 22 -0.213 0.563
-9 23 -0.213 0.588
-8 23 -0.188 0.588
-8 24 -0.188 0.613
-7 23 -0.163 0.588
-7 24 -0.163 0.613
-7 25 -0.163 0.638
-6 24 -0.138 0.613
-6 25 -0.138 0.638
-5 25 -0.113 0.638
-5 26 -0.113 0.663
-4 26 -0.088 0.663
-4 27 -0.088 0.688
-3 27 -0.063 0.688
-3 28 -0.063 0.713
-2 27 -0.038 0.688
-2 28 -0.038 0.713
15 17 0.388 0.438
16 16 0.413 0.413
17 15 0.438 0.388
19 14 0.488 0.363
-55 22 -1.363 0.563
-55 23 -1.363 0.588
-55 24 -1.363 0.613
-55 25 -1.363 0.638
-54 22 -1.338 0.563
-54 23 -1.338 0.588
-54 24 -1.338 0.613
-54 25 -1.338 0.638
-54 26 -1.338 0.663
-54 27 -1.338 0.688
-54 21 -1.338 0.538
-54 28 -1.338 0.713
-54 29 -1.338 0.738
-54 30 -1.338 0.763
-53 21 -1.313 0.538
-53 22 -1.313 0.563
-53 23 -1.313 0.588
-53 28 -1.313 0.713
-53 29 -1.313 0.738
-53 30 -1.313 0.763
-53 31 -1.313 0.788
-53 32 -1.313 0.813
-53 33 -1.313 0.838
-53 20 -1.313 0.513
-53 34 -1.313 0.863
-53 35 -1.313 0.888
-52 20 -1.288 0.513
-52 21 -1.288 0.538
-52 22 -1.288 0.563
-52 31 -1.288 0.788
-52 32 -1.288 0.813
-52 33 -1.288 0.838
-52 34 -1.288 0.863
-52 35 -1.288 0.888
-52 36 -1.288 0.913
-51 20 -1.263 0.513
-51 21 -1.263 0.538
-51 35 -1.263 0.888
-51 36 -1.263 0.913
-51 37 -1.263 0.938
-51 19 -1.263 0.488
-50 19 -1.238 0.488
-50 20 -1.238 0.513
-50 21 -1.238 0.538
-50 18 -1.238 0.463
-49 18 -1.213 0.463
-49 19 -1.213 0.488
-49 20 -1.213 0.513
-48 18 -1.188 0.463
-48 19 -1.188 0.488
-48 17 -1.188 0.438
-47 17 -1.163 0.438
-47 18 -1.163 0.463
-47 16 -1.163 0.413
-46 16 -1.138 0.413
-46 17 -1.138 0.438
-46 18 -1.138 0.463
-45 15 -1.113 0.388
-45 16 -1.113 0.413
-45 17 -1.113 0.438
-44 15 -1.088 0.388
-44 16 -1.088 0.413
-44 14 -1.088 0.363
-43 14 -1.063 0.363
-43 15 -1.063 0.388
-42 13 -1.038 0.338
-42 14 -1.038 0.363
-42 15 -1.038 0.388
-41 13 -1.013 0.338
-41 14 -1.013 0.363
-41 12 -1.013 0.313
-41 44 -1.013 1.113
-40 12 -0.988 0.313
-40 13 -0.988 0.338
-39 11 -0.963 0.288
-39 12 -0.963 0.313
-38 11 -0.938 0.288
-38 10 -0.938 0.263
-37 10 -0.913 0.263
-37 11 -0.913 0.288
-36 9 -0.888 0.238
-36 10 -0.888 0.263
-35 9 -0.863 0.238
-35 8 -0.863 0.213
-34 8 -0.838 0.213
-34 7 -0.838 0.188
-33 7 -0.813 0.188
-33 8 -0.813 0.213
-27 -8 -0.663 -0.188
-27 -7 -0.663 -0.163
-26 -8 -0.638 -0.188
-25 -9 -0.613 -0.213
-25 -1 -0.613 -0.013
-25 0 -0.613 0.013
-24 2 -0.588 0.063
-24 -10 -0.588 -0.238
-24 3 -0.588 0.088
-23 -10 -0.563 -0.238
-23 5 -0.563 0.138
-23 6 -0.563 0.163
-22 -11 -0.538 -0.263
-22 8 -0.538 0.213
-22 9 -0.538 0.238
-22 10 -0.538 0.263
-21 10 -0.513 0.263
-21 11 -0.513 0.288
-21 12 -0.513 0.313
-21 13 -0.513 0.338
-20 -12 -0.488 -0.288
-20 13 -0.488 0.338
-20 14 -0.488 0.363
-19 15 -0.463 0.388
-19 -13 -0.463 -0.313
-18 16 -0.438 0.413
-17 17 -0.413 0.438
-16 18 -0.388 0.463
-15 18 -0.363 0.463
-15 19 -0.363 0.488
-14 19 -0.338 0.488
-14 20 -0.338 0.513
-13 20 -0.313 0.513
-13 21 -0.313 0.538
-12 21 -0.288 0.538
-12 22 -0.288 0.563
-11 22 -0.263 0.563
-11 23 -0.263 0.588
-10 23 -0.238 0.588
-10 24 -0.238 0.613
-9 24 -0.213 0.613
-9 25 -0.213 0.638
-8 25 -0.188 0.638
-8 26 -0.188 0.663
-7 26 -0.163 0.663
-7 27 -0.163 0.688
-6 26 -0.138 0.663
-6 27 -0.138 0.688
-6 28 -0.138 0.713
-5 27 -0.113 0.688
-5 28 -0.113 0.713
-5 29 -0.113 0.738
-4 28 -0.088 0.713
17 16 0.438 0.413
18 15 0.463 0.388
-57 20 -1.413 0.513
-57 21 -1.413 0.538
-57 22 -1.413 0.563
-56 20 -1.388 0.513
-56 21 -1.388 0.538
-56 22 -1.388 0.563
-56 23 -1.388 0.588
-56 24 -1.388 0.613
-56 25 -1.388 0.638
-56 26 -1.388 0.663
-56 19 -1.388 0.488
-56 27 -1.388 0.688
-56 28 -1.388 0.713
-55 19 -1.363 0.488
-55 20 -1.363 0.513
-55 21 -1.363 0.538
-55 26 -1.363 0.663
-55 27 -1.363 0.688
-55 28 -1.363 0.713
-55 29 -1.363 0.738
-55 30 -1.363 0.763
-55 31 -1.363 0.788
-55 32 -1.363 0.813
-55 33 -1.363 0.838
-55 34 -1.363 0.863
-54 19 -1.338 0.488
-54 20 -1.338 0.513
-54 31 -1.338 0.788
-54 32 -1.338 0.813
-54 33 -1.338 0.838
-54 34 -1.338 0.863
-54 18 -1.338 0.463
-54 35 -1.338 0.888
-53 18 -1.313 0.463
-53 19 -1.313 0.488
-53 17 -1.313 0.438
-52 17 -1.288 0.438
-52 18 -1.288 0.463
-52 19 -1.288 0.488
-51 17 -1.263 0.438
-51 18 -1.263 0.463
-51 16 -1.263 0.413
-50 16 -1.238 0.413
-50 17 -1.238 0.438
-49 15 -1.213 0.388
-49 16 -1.213 0.413
-49 17 -1.213 0.438
-48 15 -1.188 0.388
-48 16 -1.188 0.413
-48 14 -1.188 0.363
-47 14 -1.163 0.363
-47 15 -1.163 0.388
-46 14 -1.138 0.363
-46 15 -1.138 0.388
-46 13 -1.138 0.338
-46 41 -1.138 1.038
-45 13 -1.113 0.338
-45 14 -1.113 0.363
-44 12 -1.088 0.313
-44 13 -1.088 0.338
-43 12 -1.063 0.313
-43 13 -1.063 0.338
-43 43 -1.063 1.088
-43 11 -1.063 0.288
-42 11 -1.038 0.288
-42 12 -1.038 0.313
-41 11 -1.013 0.288
-41 10 -1.013 0.263
-40 10 -0.988 0.263
-40 11 -0.988 0.288
-39 9 -0.963 0.238
-39 10 -0.963 0.263
-38 9 -0.938 0.238
-38 8 -0.938 0.213
-37 8 -0.913 0.213
-37 9 -0.913 0.238
-36 8 -0.888 0.213
-36 7 -0.888 0.188
-35 7 -0.863 0.188
-35 6 -0.863 0.163
-34 6 -0.838 0.163
-27 -6 -0.663 -0.138
-26 -9 -0.638 -0.213
-26 -3 -0.638 -0.063
-26 -2 -0.638 -0.038
-25 1 -0.613 0.038
-25 -10 -0.613 -0.238
-25 2 -0.613 0.063
-24 4 -0.588 0.113
-24 5 -0.588 0.138
-24 6 -0.588 0.163
-23 7 -0.563 0.188
-23 8 -0.563 0.213
-23 9 -0.563 0.238
-23 -11 -0.563 -0.263
-23 10 -0.563 0.263
-22 11 -0.538 0.288
-22 12 -0.538 0.313
-22 13 -0.538 0.338
-21 14 -0.513 0.363
-21 -12 -0.513 -0.288
-20 15 -0.488 0.388
-19 16 -0.463 0.413
-18 17 -0.438 0.438
-17 18 -0.413 0.463
-17 19 -0.413 0.488
-16 19 -0.388 0.488
-16 20 -0.388 0.513
-15 20 -0.363 0.513
-15 21 -0.363 0.538
-14 21 -0.338 0.538
-14 22 -0.338 0.563
-13 22 -0.313 0.563
-13 23 -0.313 0.588
-12 23 -0.288 0.588
-12 24 -0.288 0.613
-11 24 -0.263 0.613
-11 25 -0.263 0.638
-10 25 -0.238 0.638
-10 26 -0.238 0.663
-9 26 -0.213 0.663
-9 27 -0.213 0.688
-8 27 -0.188 0.688
-8 28 -0.188 0.713
-7 28 -0.163 0.713
-7 29 -0.163 0.738
-6 29 -0.138 0.738
11 20 0.288 0.513
13 19 0.338 0.488
14 18 0.363 0.463
15 18 0.388 0.463
16 17 0.413 0.438
-58 18 -1.438 0.463
-58 19 -1.438 0.488
-58 20 -1.438 0.513
-58 21 -1.438 0.538
-58 22 -1.438 0.563
-58 23 -1.438 0.588
-58 24 -1.438 0.613
-58 17 -1.438 0.438
-58 25 -1.438 0.638
-58 26 -1.438 0.663
-58 27 -1.438 0.688
-57 17 -1.413 0.438
-57 18 -1.413 0.463
-57 19 -1.413 0.488
-57 23 -1.413 0.588
-57 24 -1.413 0.613
-57 25 -1.413 0.638
-57 26 -1.413 0.663
-57 27 -1.413 0.688
-57 28 -1.413 0.713
-57 29 -1.413 0.738
-57 30 -1.413 0.763
-57 31 -1.413 0.788
-57 32 -1.413 0.813
-56 17 -1.388 0.438
-56 18 -1.388 0.463
-56 29 -1.388 0.738
-56 30 -1.388 0.763
-56 31 -1.388 0.788
-56 32 -1.388 0.813
-56 16 -1.388 0.413
-56 33 -1.388 0.838
-55 16 -1.363 0.413
-55 17 -1.363 0.438
-55 18 -1.363 0.463
-54 16 -1.338 0.413
-54 17 -1.338 0.438
-54 15 -1.338 0.388
-53 15 -1.313 0.388
-53 16 -1.313 0.413
-52 15 -1.288 0.388
-52 16 -1.288 0.413
-52 14 -1.288 0.363
-51 14 -1.263 0.363
-51 15 -1.263 0.388
-50 13 -1.238 0.338
-50 14 -1.238 0.363
-50 15 -1.238 0.388
-49 13 -1.213 0.338
-49 14 -1.213 0.363
-49 39 -1.213 0.988
-48 12 -1.188 0.313
-48 13 -1.188 0.338
-48 40 -1.188 1.013
-47 12 -1.163 0.313
-47 13 -1.163 0.338
-47 11 -1.163 0.288
-47 41 -1.163 1.038
-46 11 -1.138 0.288
-46 12 -1.138 0.313
-45 11 -1.113 0.288
-45 12 -1.113 0.313
-45 10 -1.113 0.263
-44 10 -1.088 0.263
-44 11 -1.088 0.288
-43 10 -1.063 0.263
-43 9 -1.063 0.238
-42 9 -1.038 0.238
-42 10 -1.038 0.263
-41 9 -1.013 0.238
-41 8 -1.013 0.213
-40 8 -0.988 0.213
-40 9 -0.988 0.238
-39 7 -0.963 0.188
-39 8 -0.963 0.213
-38 7 -0.938 0.188
-37 6 -0.913 0.163
-37 7 -0.913 0.188
-36 6 -0.888 0.163
-36 5 -0.888 0.138
-35 5 -0.863 0.138
-27 -9 -0.663 -0.213
-26 -1 -0.638 -0.013
-26 0 -0.638 0.013
-25 3 -0.613 0.088
-25 4 -0.613 0.113
-25 5 -0.613 0.138
-24 7 -0.588 0.188
-24 8 -0.588 0.213
-24 9 -0.588 0.238
-24 10 -0.588 0.263
-23 11 -0.563 0.288
-23 12 -0.563 0.313
-23 13 -0.563 0.338
-22 14 -0.538 0.363
-21 15 -0.513 0.388
-20 16 -0.488 0.413
-20 17 -0.488 0.438
-19 17 -0.463 0.438
-19 18 -0.463 0.463
-18 18 -0.438 0.463
-18 19 -0.438 0.488
-17 20 -0.413 0.513
-16 21 -0.388 0.538
-15 22 -0.363 0.563
-14 23 -0.338 0.588
-13 24 -0.313 0.613
-12 25 -0.288 0.638
-11 26 -0.263 0.663
-10 27 -0.238 0.688
-9 28 -0.213 0.713
-9 29 -0.213 0.738
-9 30 -0.213 0.763
-8 29 -0.188 0.738
10 21 0.263 0.538
12 20 0.313 0.513
14 19 0.363 0.488
-60 16 -1.488 0.413
-60 17 -1.488 0.438
-60 18 -1.488 0.463
-60 19 -1.488 0.488
-60 20 -1.488 0.513
-60 21 -1.488 0.538
-60 22 -1.488 0.563
-59 15 -1.463 0.388
-59 16 -1.463 0.413
-59 17 -1.463 0.438
-59 18 -1.463 0.463
-59 19 -1.463 0.488
-59 20 -1.463 0.513
-59 21 -1.463 0.538
-59 22 -1.463 0.563
-59 23 -1.463 0.588
-59 24 -1.463 0.613
-59 25 -1.463 0.638
-59 26 -1.463 0.663
-59 27 -1.463 0.688
-59 28 -1.463 0.713
-59 29 -1.463 0.738
-59 30 -1.463 0.763
-58 15 -1.438 0.388
-58 16 -1.438 0.413
-58 28 -1.438 0.713
-58 29 -1.438 0.738
-58 30 -1.438 0.763
-58 31 -1.438 0.788
-57 14 -1.413 0.363
-57 15 -1.413 0.388
-57 16 -1.413 0.413
-56 14 -1.388 0.363
-56 15 -1.388 0.388
-55 13 -1.363 0.338
-55 14 -1.363 0.363
-55 15 -1.363 0.388
-54 13 -1.338 0.338
-54 14 -1.338 0.363
-53 13 -1.313 0.338
-53 14 -1.313 0.363
-53 12 -1.313 0.313
-53 36 -1.313 0.913
-52 12 -1.288 0.313
-52 13 -1.288 0.338
-52 37 -1.288 0.938
-51 12 -1.263 0.313
-51 13 -1.263 0.338
-51 11 -1.263 0.288
-50 11 -1.238 0.288
-50 12 -1.238 0.313
-49 11 -1.213 0.288
-49 12 -1.213 0.313
-49 10 -1.213 0.263
-48 10 -1.188 0.263
-48 11 -1.188 0.288
-47 10 -1.163 0.263
-47 9 -1.163 0.238
-46 9 -1.138 0.238
-46 10 -1.138 0.263
-45 9 -1.113 0.238
-45 8 -1.113 0.213
-44 8 -1.088 0.213
-44 9 -1.088 0.238
-43 8 -1.063 0.213
-43 7 -1.063 0.188
-42 7 -1.038 0.188
-42 8 -1.038 0.213
-41 7 -1.013 0.188
-41 6 -1.013 0.163
-40 6 -0.988 0.163
-40 7 -0.988 0.188
-39 6 -0.963 0.163
-38 5 -0.938 0.138
-38 6 -0.938 0.163
-37 5 -0.913 0.138
-36 4 -0.888 0.113
-27 -10 -0.663 -0.238
-27 -5 -0.663 -0.113
-27 -4 -0.663 -0.088
-27 -3 -0.663 -0.063
-26 -10 -0.638 -0.238
-26 1 -0.638 0.038
-26 2 -0.638 0.063
-26 3 -0.638 0.088
-26 4 -0.638 0.113
-25 -11 -0.613 -0.263
-25 6 -0.613 0.163
-25 7 -0.613 0.188
-25 8 -0.613 0.213
-25 9 -0.613 0.238
-25 10 -0.613 0.263
-25 11 -0.613 0.288
-24 -11 -0.588 -0.263
-24 11 -0.588 0.288
-24 12 -0.588 0.313
-24 13 -0.588 0.338
-23 -12 -0.563 -0.288
-23 14 -0.563 0.363
-22 -12 -0.538 -0.288
-22 15 -0.538 0.388
-21 16 -0.513 0.413
-20 -13 -0.488 -0.313
-18 -14 -0.438 -0.338
11 21 0.288 0.538
13 20 0.338 0.513
-61 13 -1.513 0.338
-61 14 -1.513 0.363
-61 15 -1.513 0.388
-61 16 -1.513 0.413
-61 17 -1.513 0.438
-61 18 -1.513 0.463
-61 19 -1.513 0.488
-61 20 -1.513 0.513
-61 21 -1.513 0.538
-61 22 -1.513 0.563
-61 23 -1.513 0.588
-61 24 -1.513 0.613
-61 25 -1.513 0.638
-61 26 -1.513 0.663
-61 27 -1.513 0.688
-61 28 -1.513 0.713
-60 13 -1.488 0.338
-60 14 -1.488 0.363
-60 15 -1.488 0.388
-60 23 -1.488 0.588
-60 24 -1.488 0.613
-60 25 -1.488 0.638
-60 26 -1.488 0.663
-60 27 -1.488 0.688
-60 28 -1.488 0.713
-60 12 -1.488 0.313
-60 29 -1.488 0.738
-59 12 -1.463 0.313
-59 13 -1.463 0.338
-59 14 -1.463 0.363
-58 12 -1.438 0.313
-58 13 -1.438 0.338
-58 14 -1.438 0.363
-57 11 -1.413 0.288
-57 12 -1.413 0.313
-57 13 -1.413 0.338
-56 11 -1.388 0.288
-56 12 -1.388 0.313
-56 13 -1.388 0.338
-55 11 -1.363 0.288
-55 12 -1.363 0.313
-55 10 -1.363 0.263
-54 10 -1.338 0.263
-54 11 -1.338 0.288
-54 12 -1.338 0.313
-53 10 -1.313 0.263
-53 11 -1.313 0.288
-52 9 -1.288 0.238
-52 10 -1.288 0.263
-52 11 -1.288 0.288
-51 9 -1.263 0.238
-51 10 -1.263 0.263
-50 9 -1.238 0.238
-50 10 -1.238 0.263
-50 8 -1.238 0.213
-49 8 -1.213 0.213
-49 9 -1.213 0.238
-48 8 -1.188 0.213
-48 9 -1.188 0.238
-48 7 -1.188 0.188
-47 7 -1.163 0.188
-47 8 -1.163 0.213
-46 7 -1.138 0.188
-46 8 -1.138 0.213
-45 6 -1.113 0.163
-45 7 -1.113 0.188
-44 6 -1.088 0.163
-44 7 -1.088 0.188
-43 6 -1.063 0.163
-43 5 -1.063 0.138
-42 5 -1.038 0.138
-42 6 -1.038 0.163
-41 5 -1.013 0.138
-40 4 -0.988 0.113
-40 5 -0.988 0.138
-39 4 -0.963 0.113
-39 5 -0.963 0.138
-38 4 -0.938 0.113
-38 3 -0.938 0.088
-37 3 -0.913 0.088
-37 4 -0.913 0.113
-36 3 -0.888 0.088
