-24 7 -0.588 0.188
-23 8 -0.563 0.213
-22 9 -0.538 0.238
-21 10 -0.513 0.263
-20 11 -0.488 0.288
-19 12 -0.463 0.313
-18 13 -0.438 0.338
-17 14 -0.413 0.363
-16 15 -0.388 0.388
-15 16 -0.363 0.413
-5 25 -0.113 0.638
-4 25 -0.088 0.638
-3 24 -0.063 0.613
-3 -17 -0.063 -0.413
-2 23 -0.038 0.588
-2 -18 -0.038 -0.438
-1 23 -0.013 0.588
-1 -19 -0.013 -0.463
0 22 0.013 0.563
0 -20 0.013 -0.488
1 -21 0.038 -0.513
2 21 0.063 0.538
2 -22 0.063 -0.538
3 20 0.088 0.513
3 -23 0.088 -0.563
4 -24 0.113 -0.588
5 19 0.138 0.488
7 18 0.188 0.463
8 17 0.213 0.438
10 16 0.263 0.413
14 13 0.363 0.338
18 -13 0.463 -0.313
19 -12 0.488 -0.288
20 -11 0.513 -0.263
21 -10 0.538 -0.238
22 -9 0.563 -0.213
23 -8 0.588 -0.188
24 -7 0.613 -0.163
28 9 0.713 0.238
29 8 0.738 0.213
29 9 0.738 0.238
30 9 0.763 0.238
30 10 0.763 0.263
31 10 0.788 0.263
31 11 0.788 0.288
32 11 0.813 0.288
32 12 0.813 0.313
33 12 0.838 0.313
33 13 0.838 0.338
34 13 0.863 0.338
34 14 0.863 0.363
35 14 0.888 0.363
35 15 0.888 0.388
36 14 0.913 0.363
36 15 0.913 0.388
36 16 0.913 0.413
37 15 0.938 0.388
37 16 0.938 0.413
37 17 0.938 0.438
38 16 0.963 0.413
38 17 0.963 0.438
38 18 0.963 0.463
39 17 0.988 0.438
39 18 0.988 0.463
39 19 0.988 0.488
40 18 1.013 0.463
40 19 1.013 0.488
40 20 1.013 0.513
41 19 1.038 0.488
41 20 1.038 0.513
41 21 1.038 0.538
42 20 1.063 0.513
42 21 1.063 0.538
42 22 1.063 0.563
43 21 1.088 0.538
43 22 1.088 0.563
43 23 1.088 0.588
43 40 1.088 1.013
44 22 1.113 0.563
44 23 1.113 0.588
44 24 1.113 0.613
44 37 1.113 0.938
44 38 1.113 0.963
44 39 1.113 0.988
45 23 1.138 0.588
45 24 1.138 0.613
45 25 1.138 0.638
45 35 1.138 0.888
45 36 1.138 0.913
46 24 1.163 0.613
46 25 1.163 0.638
46 26 1.163 0.663
46 33 1.163 0.838
47 25 1.188 0.638
47 26 1.188 0.663
47 27 1.188 0.688
47 30 1.188 0.763
47 31 1.188 0.788
48 25 1.213 0.638
48 26 1.213 0.663
48 27 1.213 0.688
48 28 1.213 0.713
-24 8 -0.588 0.213
-23 9 -0.563 0.238
-22 10 -0.538 0.263
-8 -12 -0.188 -0.288
-7 -13 -0.163 -0.313
-6 -14 -0.138 -0.338
-5 -15 -0.113 -0.363
-4 -16 -0.088 -0.388
-3 25 -0.063 0.638
-2 24 -0.038 0.613
-2 -19 -0.038 -0.463
-1 -20 -0.013 -0.488
0 23 0.013 0.588
0 -21 0.013 -0.513
1 22 0.038 0.563
1 -22 0.038 -0.538
2 -23 0.063 -0.563
3 -24 0.088 -0.588
3 -25 0.088 -0.613
4 -25 0.113 -0.613
4 20 0.113 0.513
16 -15 0.413 -0.363
17 -14 0.438 -0.338
22 -10 0.563 -0.238
23 -9 0.588 -0.213
24 -8 0.613 -0.188
23 13 0.588 0.338
24 12 0.613 0.313
25 11 0.638 0.288
26 10 0.663 0.263
27 9 0.688 0.238
28 8 0.713 0.213
29 7 0.738 0.188
30 7 0.763 0.188
30 8 0.763 0.213
31 8 0.788 0.213
31 9 0.788 0.238
32 9 0.813 0.238
32 10 0.813 0.263
33 10 0.838 0.263
33 11 0.838 0.288
34 11 0.863 0.288
34 12 0.863 0.313
35 12 0.888 0.313
35 13 0.888 0.338
36 13 0.913 0.338
37 13 0.938 0.338
37 14 0.938 0.363
38 14 0.963 0.363
38 15 0.963 0.388
39 15 0.988 0.388
39 16 0.988 0.413
40 16 1.013 0.413
40 17 1.013 0.438
41 17 1.038 0.438
41 18 1.038 0.463
42 18 1.063 0.463
42 19 1.063 0.488
43 18 1.088 0.463
43 19 1.088 0.488
43 20 1.088 0.513
44 19 1.113 0.488
44 20 1.113 0.513
44 21 1.113 0.538
45 20 1.138 0.513
45 21 1.138 0.538
45 22 1.138 0.563
45 37 1.138 0.938
45 38 1.138 0.963
46 21 1.163 0.538
46 22 1.163 0.563
46 23 1.163 0.588
46 34 1.163 0.863
46 35 1.163 0.888
47 22 1.188 0.563
47 23 1.188 0.588
47 24 1.188 0.613
47 32 1.188 0.813
48 23 1.213 0.588
48 24 1.213 0.613
48 29 1.213 0.738
49 23 1.238 0.588
49 24 1.238 0.613
49 25 1.238 0.638
49 26 1.238 0.663
-23 10 -0.563 0.263
-21 11 -0.513 0.288
-20 12 -0.488 0.313
-19 13 -0.463 0.338
-5 -16 -0.113 -0.388
-4 -17 -0.088 -0.413
-3 -18 -0.063 -0.438
-2 25 -0.038 0.638
-2 -20 -0.038 -0.488
-1 24 -0.013 0.613
-1 -21 -0.013 -0.513
0 -22 0.013 -0.538
1 -23 0.038 -0.563
1 23 0.038 0.588
2 -24 0.063 -0.588
2 22 0.063 0.563
2 -25 0.063 -0.613
3 21 0.088 0.538
5 20 0.138 0.513
6 19 0.163 0.488
15 12 0.388 0.313
20 -12 0.513 -0.288
21 -11 0.538 -0.263
27 8 0.688 0.213
28 7 0.713 0.188
29 6 0.738 0.163
30 6 0.763 0.163
31 7 0.788 0.188
32 8 0.813 0.213
33 8 0.838 0.213
33 9 0.838 0.238
34 9 0.863 0.238
34 10 0.863 0.263
35 10 0.888 0.263
35 11 0.888 0.288
36 11 0.913 0.288
36 12 0.913 0.313
37 11 0.938 0.288
37 12 0.938 0.313
38 12 0.963 0.313
38 13 0.963 0.338
39 13 0.988 0.338
39 14 0.988 0.363
40 14 1.013 0.363
40 15 1.013 0.388
41 15 1.038 0.388
41 16 1.038 0.413
42 15 1.063 0.388
42 16 1.063 0.413
42 17 1.063 0.438
43 16 1.088 0.413
43 17 1.088 0.438
44 17 1.113 0.438
44 18 1.113 0.463
45 18 1.138 0.463
45 19 1.138 0.488
46 18 1.163 0.463
46 19 1.163 0.488
46 20 1.163 0.513
46 36 1.163 0.913
46 37 1.163 0.938
47 19 1.188 0.488
47 20 1.188 0.513
47 21 1.188 0.538
47 33 1.188 0.838
47 34 1.188 0.863
47 35 1.188 0.888
48 20 1.213 0.513
48 21 1.213 0.538
48 22 1.213 0.563
48 30 1.213 0.763
48 31 1.213 0.788
48 32 1.213 0.813
49 21 1.238 0.538
49 22 1.238 0.563
49 27 1.238 0.688
49 28 1.238 0.713
50 21 1.263 0.538
50 22 1.263 0.563
50 23 1.263 0.588
50 24 1.263 0.613
50 25 1.263 0.638
-22 11 -0.538 0.288
-18 14 -0.438 0.363
-10 -10 -0.238 -0.238
-9 -11 -0.213 -0.263
-7 -14 -0.163 -0.338
-6 -15 -0.138 -0.363
-5 -17 -0.113 -0.413
-4 -18 -0.088 -0.438
-3 -19 -0.063 -0.463
-3 -20 -0.063 -0.488
-2 -21 -0.038 -0.513
-1 -22 -0.013 -0.538
-1 25 -0.013 0.638
0 -23 0.013 -0.563
0 24 0.013 0.613
0 -24 0.013 -0.588
1 -24 0.038 -0.588
1 -25 0.038 -0.613
4 21 0.113 0.538
15 -16 0.388 -0.388
18 -14 0.463 -0.338
19 -13 0.488 -0.313
21 -12 0.538 -0.288
22 -11 0.563 -0.263
23 -10 0.588 -0.238
25 10 0.638 0.263
26 9 0.663 0.238
27 7 0.688 0.188
28 6 0.713 0.163
29 5 0.738 0.138
30 5 0.763 0.138
31 5 0.788 0.138
31 6 0.788 0.163
32 6 0.813 0.163
32 7 0.813 0.188
33 7 0.838 0.188
34 8 0.863 0.213
35 8 0.888 0.213
35 9 0.888 0.238
36 9 0.913 0.238
36 10 0.913 0.263
37 10 0.938 0.263
38 10 0.963 0.263
38 11 0.963 0.288
39 11 0.988 0.288
39 12 0.988 0.313
40 12 1.013 0.313
40 13 1.013 0.338
41 12 1.038 0.313
41 13 1.038 0.338
41 14 1.038 0.363
42 13 1.063 0.338
42 14 1.063 0.363
43 14 1.088 0.363
43 15 1.088 0.388
44 15 1.113 0.388
44 16 1.113 0.413
45 15 1.138 0.388
45 16 1.138 0.413
45 17 1.138 0.438
46 16 1.163 0.413
46 17 1.163 0.438
47 17 1.188 0.438
47 18 1.188 0.463
48 17 1.213 0.438
48 18 1.213 0.463
48 19 1.213 0.488
48 33 1.213 0.838
48 34 1.213 0.863
49 18 1.238 0.463
49 19 1.238 0.488
49 20 1.238 0.513
49 29 1.238 0.738
49 30 1.238 0.763
49 31 1.238 0.788
50 19 1.263 0.488
50 20 1.263 0.513
50 26 1.263 0.663
51 19 1.288 0.488
51 20 1.288 0.513
51 21 1.288 0.538
51 22 1.288 0.563
-21 12 -0.513 0.313
-20 13 -0.488 0.338
-8 -13 -0.188 -0.313
-6 -16 -0.138 -0.388
-4 -19 -0.088 -0.463
-2 -22 -0.038 -0.538
-1 -23 -0.013 -0.563
-1 -24 -0.013 -0.588
0 25 0.013 0.638
0 -25 0.013 -0.613
1 24 0.038 0.613
2 23 0.063 0.588
3 22 0.088 0.563
4 22 0.113 0.563
5 21 0.138 0.538
6 20 0.163 0.513
7 19 0.188 0.488
8 18 0.213 0.463
9 17 0.238 0.438
14 -17 0.363 -0.413
16 10 0.413 0.263
17 -15 0.438 -0.363
17 8 0.438 0.213
20 -13 0.513 -0.313
22 -12 0.563 -0.288
23 -11 0.588 -0.263
28 5 0.713 0.138
29 4 0.738 0.113
30 3 0.763 0.088
30 4 0.763 0.113
31 4 0.788 0.113
32 4 0.813 0.113
32 5 0.813 0.138
33 5 0.838 0.138
33 6 0.838 0.163
34 6 0.863 0.163
34 7 0.863 0.188
35 6 0.888 0.163
35 7 0.888 0.188
36 7 0.913 0.188
36 8 0.913 0.213
37 8 0.938 0.213
37 9 0.938 0.238
38 8 0.963 0.213
38 9 0.963 0.238
39 9 0.988 0.238
39 10 0.988 0.263
40 9 1.013 0.238
40 10 1.013 0.263
40 11 1.013 0.288
41 10 1.038 0.263
41 11 1.038 0.288
42 11 1.063 0.288
42 12 1.063 0.313
43 11 1.088 0.288
43 12 1.088 0.313
43 13 1.088 0.338
44 12 1.113 0.313
44 13 1.113 0.338
44 14 1.113 0.363
45 13 1.138 0.338
45 14 1.138 0.363
46 13 1.163 0.338
46 14 1.163 0.363
46 15 1.163 0.388
47 14 1.188 0.363
47 15 1.188 0.388
47 16 1.188 0.413
48 15 1.213 0.388
48 16 1.213 0.413
49 15 1.238 0.388
49 16 1.238 0.413
49 17 1.238 0.438
49 32 1.238 0.813
50 16 1.263 0.413
50 17 1.263 0.438
50 18 1.263 0.463
50 27 1.263 0.688
50 28 1.263 0.713
50 29 1.263 0.738
50 30 1.263 0.763
50 31 1.263 0.788
51 17 1.288 0.438
51 18 1.288 0.463
51 23 1.288 0.588
51 24 1.288 0.613
51 25 1.288 0.638
51 26 1.288 0.663
52 17 1.313 0.438
52 18 1.313 0.463
52 19 1.313 0.488
52 20 1.313 0.513
52 21 1.313 0.538
-22 12 -0.538 0.313
-21 13 -0.513 0.338
-19 14 -0.463 0.363
-17 15 -0.413 0.388
-14 17 -0.338 0.438
-9 -12 -0.213 -0.288
-8 -14 -0.188 -0.338
-7 -15 -0.163 -0.363
-6 -17 -0.138 -0.413
-5 -18 -0.113 -0.438
-5 -19 -0.113 -0.463
-4 -20 -0.088 -0.488
-3 -21 -0.063 -0.513
-3 -22 -0.063 -0.538
-2 -23 -0.038 -0.563
-2 -24 -0.038 -0.588
-1 -25 -0.013 -0.613
1 25 0.038 0.638
2 24 0.063 0.613
3 23 0.088 0.588
16 -16 0.413 -0.388
19 -14 0.488 -0.338
21 -13 0.538 -0.313
24 11 0.613 0.288
25 9 0.638 0.238
26 8 0.663 0.213
27 6 0.688 0.163
28 4 0.713 0.113
29 3 0.738 0.088
30 2 0.763 0.063
31 2 0.788 0.063
31 3 0.788 0.088
32 3 0.813 0.088
33 4 0.838 0.113
34 4 0.863 0.113
34 5 0.863 0.138
35 5 0.888 0.138
36 5 0.913 0.138
36 6 0.913 0.163
37 6 0.938 0.163
37 7 0.938 0.188
38 6 0.963 0.163
38 7 0.963 0.188
39 7 0.988 0.188
39 8 0.988 0.213
40 8 1.013 0.213
41 8 1.038 0.213
41 9 1.038 0.238
42 9 1.063 0.238
42 10 1.063 0.263
43 9 1.088 0.238
43 10 1.088 0.263
44 10 1.113 0.263
44 11 1.113 0.288
45 10 1.138 0.263
45 11 1.138 0.288
45 12 1.138 0.313
46 11 1.163 0.288
46 12 1.163 0.313
47 12 1.188 0.313
47 13 1.188 0.338
48 12 1.213 0.313
48 13 1.213 0.338
48 14 1.213 0.363
49 13 1.238 0.338
49 14 1.238 0.363
50 13 1.263 0.338
50 14 1.263 0.363
50 15 1.263 0.388
51 14 1.288 0.363
51 15 1.288 0.388
51 16 1.288 0.413
51 27 1.288 0.688
51 28 1.288 0.713
51 29 1.288 0.738
51 30 1.288 0.763
52 14 1.313 0.363
52 15 1.313 0.388
52 16 1.313 0.413
52 22 1.313 0.563
52 23 1.313 0.588
53 15 1.338 0.388
53 16 1.338 0.413
53 17 1.338 0.438
-20 14 -0.488 0.363
-18 15 -0.438 0.388
-16 16 -0.388 0.413
-7 -16 -0.163 -0.388
-6 -18 -0.138 -0.438
-5 -20 -0.113 -0.488
-4 -21 -0.088 -0.513
-4 -22 -0.088 -0.538
-3 -23 -0.063 -0.563
-3 -24 -0.063 -0.588
-2 -25 -0.038 -0.613
2 25 0.063 0.638
3 24 0.088 0.613
4 23 0.113 0.588
5 22 0.138 0.563
6 21 0.163 0.538
7 20 0.188 0.513
8 19 0.213 0.488
9 18 0.238 0.463
13 -18 0.338 -0.438
15 -17 0.388 -0.413
18 -15 0.463 -0.363
20 -14 0.513 -0.338
22 -13 0.563 -0.313
26 7 0.663 0.188
27 5 0.688 0.138
28 3 0.713 0.088
29 2 0.738 0.063
29 1 0.738 0.038
30 1 0.763 0.038
31 1 0.788 0.038
32 2 0.813 0.063
33 2 0.838 0.063
33 3 0.838 0.088
34 3 0.863 0.088
35 3 0.888 0.088
35 4 0.888 0.113
36 4 0.913 0.113
37 4 0.938 0.113
37 5 0.938 0.138
38 5 0.963 0.138
39 5 0.988 0.138
39 6 0.988 0.163
40 6 1.013 0.163
40 7 1.013 0.188
41 6 1.038 0.163
41 7 1.038 0.188
42 7 1.063 0.188
42 8 1.063 0.213
43 7 1.088 0.188
43 8 1.088 0.213
44 8 1.113 0.213
44 9 1.113 0.238
45 8 1.138 0.213
45 9 1.138 0.238
46 9 1.163 0.238
46 10 1.163 0.263
47 9 1.188 0.238
47 10 1.188 0.263
47 11 1.188 0.288
48 10 1.213 0.263
48 11 1.213 0.288
49 10 1.238 0.263
49 11 1.238 0.288
49 12 1.238 0.313
50 11 1.263 0.288
50 12 1.263 0.313
51 11 1.288 0.288
51 12 1.288 0.313
51 13 1.288 0.338
52 12 1.313 0.313
52 13 1.313 0.338
52 24 1.313 0.613
52 25 1.313 0.638
52 26 1.313 0.663
52 27 1.313 0.688
53 12 1.338 0.313
53 13 1.338 0.338
53 14 1.338 0.363
53 18 1.338 0.463
53 19 1.338 0.488
53 20 1.338 0.513
-21 14 -0.513 0.363
-19 15 -0.463 0.388
-17 16 -0.413 0.413
-15 17 -0.363 0.438
-13 18 -0.313 0.463
-11 -9 -0.263 -0.213
-10 -11 -0.238 -0.263
-9 -13 -0.213 -0.313
-8 -15 -0.188 -0.363
-7 -17 -0.163 -0.413
-6 -19 -0.138 -0.463
-6 -20 -0.138 -0.488
-5 -21 -0.113 -0.513
-5 -22 -0.113 -0.538
-4 -23 -0.088 -0.563
-4 -24 -0.088 -0.588
-3 -25 -0.063 -0.613
3 25 0.088 0.638
4 24 0.113 0.613
5 23 0.138 0.588
6 22 0.163 0.563
10 17 0.263 0.438
11 16 0.288 0.413
17 -16 0.438 -0.388
19 -15 0.488 -0.363
21 -14 0.538 -0.338
25 8 0.638 0.213
26 6 0.663 0.163
27 4 0.688 0.113
28 2 0.713 0.063
29 0 0.738 0.013
30 -1 0.763 -0.013
30 0 0.763 0.013
31 0 0.788 0.013
32 0 0.813 0.013
32 1 0.813 0.038
33 1 0.838 0.038
34 1 0.863 0.038
34 2 0.863 0.063
35 2 0.888 0.063
36 2 0.913 0.063
36 3 0.913 0.088
37 2 0.938 0.063
37 3 0.938 0.088
38 3 0.963 0.088
38 4 0.963 0.113
39 3 0.988 0.088
39 4 0.988 0.113
40 4 1.013 0.113
40 5 1.013 0.138
41 4 1.038 0.113
41 5 1.038 0.138
42 5 1.063 0.138
42 6 1.063 0.163
43 5 1.088 0.138
43 6 1.088 0.163
44 6 1.113 0.163
44 7 1.113 0.188
45 6 1.138 0.163
45 7 1.138 0.188
46 7 1.163 0.188
46 8 1.163 0.213
47 7 1.188 0.188
47 8 1.188 0.213
48 8 1.213 0.213
48 9 1.213 0.238
49 8 1.238 0.213
49 9 1.238 0.238
50 8 1.263 0.213
50 9 1.263 0.238
50 10 1.263 0.263
51 9 1.288 0.238
51 10 1.288 0.263
52 9 1.313 0.238
52 10 1.313 0.263
52 11 1.313 0.288
53 10 1.338 0.263
53 11 1.338 0.288
53 21 1.338 0.538
53 22 1.338 0.563
53 23 1.338 0.588
53 24 1.338 0.613
53 25 1.338 0.638
54 10 1.363 0.263
54 11 1.363 0.288
54 12 1.363 0.313
54 13 1.363 0.338
54 14 1.363 0.363
54 15 1.363 0.388
-20 15 -0.488 0.388
-18 16 -0.438 0.413
-10 -12 -0.238 -0.288
-9 -14 -0.213 -0.338
-8 -16 -0.188 -0.388
-8 -17 -0.188 -0.413
-7 -18 -0.163 -0.438
-7 -19 -0.163 -0.463
-6 -21 -0.138 -0.513
-6 -22 -0.138 -0.538
-5 -23 -0.113 -0.563
-5 -24 -0.113 -0.588
-4 -25 -0.088 -0.613
4 25 0.113 0.638
5 24 0.138 0.613
6 23 0.163 0.588
7 21 0.188 0.538
8 20 0.213 0.513
9 19 0.238 0.488
12 15 0.313 0.388
16 -17 0.413 -0.413
18 -16 0.463 -0.388
20 -15 0.513 -0.363
27 3 0.688 0.088
28 1 0.713 0.038
29 -1 0.738 -0.013
29 -2 0.738 -0.038
30 -2 0.763 -0.038
31 -2 0.788 -0.038
31 -1 0.788 -0.013
32 -1 0.813 -0.013
33 -1 0.838 -0.013
33 0 0.838 0.013
34 0 0.863 0.013
35 0 0.888 0.013
35 1 0.888 0.038
36 0 0.913 0.013
36 1 0.913 0.038
37 1 0.938 0.038
38 1 0.963 0.038
38 2 0.963 0.063
39 2 0.988 0.063
40 2 1.013 0.063
40 3 1.013 0.088
41 2 1.038 0.063
41 3 1.038 0.088
42 3 1.063 0.088
42 4 1.063 0.113
43 3 1.088 0.088
43 4 1.088 0.113
44 4 1.113 0.113
44 5 1.113 0.138
45 4 1.138 0.113
45 5 1.138 0.138
46 4 1.163 0.113
46 5 1.163 0.138
46 6 1.163 0.163
47 5 1.188 0.138
47 6 1.188 0.163
48 5 1.213 0.138
48 6 1.213 0.163
48 7 1.213 0.188
49 6 1.238 0.163
49 7 1.238 0.188
50 6 1.263 0.163
50 7 1.263 0.188
51 7 1.288 0.188
51 8 1.288 0.213
52 7 1.313 0.188
52 8 1.313 0.213
53 7 1.338 0.188
53 8 1.338 0.213
53 9 1.338 0.238
54 8 1.363 0.213
54 9 1.363 0.238
54 16 1.363 0.413
54 17 1.363 0.438
54 18 1.363 0.463
54 19 1.363 0.488
54 20 1.363 0.513
54 21 1.363 0.538
54 22 1.363 0.563
54 23 1.363 0.588
